0 0.000000000000
1 0.987717539330
2 1.400944854152
3 1.738171520413
4 2.156929240842
5 2.357667014233
6 2.529851079486
7 2.473097437931
8 2.814582562299
9 3.116864409948
10 2.915475947423
11 3.220873086214
12 3.176912563717
13 3.418377207737
14 3.859311740372
15 3.797485804779
16 4.202747427279
17 4.079501683340
18 3.631695056633
19 4.803868070368
20 4.444289480263
21 4.549397925481
22 4.488592311349
23 4.763139720814
24 5.028726075011
25 5.261520098793
26 4.939378598316
27 4.411206210820
28 5.101221514255
29 5.978619948146
30 5.541370508220
31 5.085211401702
32 5.745901222556
33 5.605434723329
34 5.748110253325
35 5.427230784145
36 5.945040442198
37 5.610550016208
38 6.395494019229
39 5.718814036527
40 6.130717197798
41 5.983028569159
42 6.614064530179
43 6.142751699157
44 6.584913361949
45 6.067330549756
46 6.552671211041
47 6.721874273594
48 7.036022685749
49 6.973705497035
50 6.269325590474
51 6.735806837343
52 6.954020307527
53 6.619967870721
54 7.103861186003
55 7.564936978216
56 7.639953958263
57 7.365194753026
58 7.190607344611
59 6.149325896745
60 7.207783878385
61 7.728912212231
62 7.717421444369
63 8.221007294578
64 7.410517625941
65 8.508138911323
66 8.192135495973
67 7.726716536634
68 8.251657030561
69 8.797860180180
70 8.827654854738
71 8.929943811938
72 8.671917229627
73 9.067011269397
74 7.629865251104
75 7.234206261531
76 9.041881177851
77 8.289147177937
78 8.502053405465
79 8.923927084495
80 9.570755729532
81 7.997497167083
82 9.399083648819
83 8.096569851448
84 9.381651286387
85 8.475939637254
86 9.508207289462
87 9.443913383762
88 10.040542814012
89 9.256213601380
90 8.521328365306
91 9.143482459346
92 9.718888162201
93 9.588391724339
94 10.159843114408
95 9.729834414540
96 10.706751210539
97 9.921850393670
98 9.768412102282
99 10.774998187355
100 9.317112951446
101 10.412664595788
102 10.381586764556
103 10.345402058403
104 9.754355998091
105 9.970354004968
106 11.142531393690
107 11.217835965551
108 10.268276388956
109 10.936060173087
110 11.266296789956
111 10.437862549841
112 9.908960591303
113 10.559714407093
114 10.101909917653
115 9.333855024017
116 9.713963350990
117 10.793516572461
118 10.205589288933
119 9.390819985496
120 10.273553350107
121 9.611788314844
122 12.059585140045
123 9.629957631494
124 10.836937251104
125 10.834503893090
126 10.149168204064
127 10.435897612777
128 10.834774293190
129 11.294184067475
130 11.470144244271
131 11.702029738468
132 11.657841714378
133 11.820919205348
134 11.250651022830
135 12.196220838209
136 11.543639600853
137 11.668559184299
138 11.707202644099
139 11.565329045795
140 11.404323467440
141 11.916662113927
142 10.887643063785
143 11.797433761602
144 11.837440601752
145 12.603003346797
146 11.899635219593
147 12.627745679158
148 13.595114874009
149 11.936681909140
150 12.703307578639
151 14.333968274151
152 12.977209214017
153 12.760680269386
154 11.163381824071
155 13.319650368441
156 12.222825407307
157 11.718666666370
158 13.449549466780
159 13.247493866766
160 12.158940897545
161 13.641251417461
162 12.383480364482
163 14.309088021254
164 12.645365690145
165 12.353743976397
166 12.090802289344
167 14.072600539257
168 12.764697411220
169 13.352053915035
170 12.065211806574
171 13.518361355948
172 14.931933782480
173 12.636133704579
174 12.957854986817
175 12.936358267858
176 14.517357270157
177 11.973512025900
178 14.365621940939
179 13.100237056538
180 13.700906676202
181 13.203106508863
182 12.710723818886
183 13.880409629560
184 13.104662442596
185 12.822471348550
186 12.546155022929
187 14.985409570646
188 14.334044919352
189 13.931718251440
190 15.836744938098
191 14.711607542494
192 13.041849705851
193 15.294049790176
194 13.553919736902
195 12.703336406605
196 14.305777624355
197 13.119409151497
198 13.739733383057
199 13.287085115230
200 14.264110338538
201 13.921515497603
202 13.914490185033
203 13.268109308013
204 15.255562190046
205 15.592834078812
206 15.287088289121
207 15.033158337800
208 13.968916036485
209 15.062556729665
210 14.356705410169
211 14.676117597457
212 14.916924898836
213 15.405679502622
214 14.299043551384
215 14.242013935448
216 13.913481265934
217 12.918010682764
218 15.416832065554
219 15.057052957003
220 15.572215529088
221 15.822308901812
222 13.784580096525
223 17.396007983155
224 14.185495108891
225 14.477479480537
226 14.281685920590
227 15.354883944123
228 15.557228022691
229 14.727795455681
230 16.789133390381
231 15.218942503916
232 15.073380082429
233 15.955864113528
234 14.897755375706
235 17.038444581299
236 14.554643468130
237 15.750000000000
238 15.536247938289
239 14.326949242926
240 14.498787664836
241 14.117254513538
242 17.651133108104
243 14.815524150680
244 16.359128758892
245 14.814345876548
246 16.525282476784
247 14.553368582887
248 14.592880059724
249 17.145851527684
250 15.402129266355
251 16.006803973233
252 13.611195701976
253 16.199372757436
254 17.568142999119
255 17.169649821706
256 15.498865885929
257 15.391219848911
258 14.358006259575
259 18.254755106119
260 14.063046864367
261 14.991721348277
262 17.390049406467
263 16.134898851170
264 17.332879476230
265 16.750000000000
266 15.819292019556
267 15.547801479932
268 15.727880052235
269 16.032734763114
270 13.977346348199
271 16.640470949991
272 18.472847472710
273 16.482286597568
274 15.569581408451
275 17.461893500115
276 17.361779761429
277 17.567726090761
278 16.739939842709
279 16.132984638912
280 17.425258920243
281 17.602822927019
282 17.026518838271
283 15.109746634520
284 16.659151951705
285 18.823754679510
286 19.577015132149
287 18.535017534386
288 16.233156835914
289 18.665826687760
290 17.463683019609
291 18.948532265059
292 17.346811385219
293 17.583617197551
294 16.452219823154
295 17.704938400062
296 18.429016851405
297 15.405933059620
298 16.896282875236
299 17.749938105086
300 18.641450107472
301 17.247169151777
302 18.435672578930
303 16.676428618993
304 15.809380868254
305 16.739495015065
306 17.069016326648
307 18.054057012466
308 17.694724396960
309 16.841169793099
310 16.974007875554
311 17.247558420958
312 15.294560601219
313 15.876476309307
314 17.638285938814
315 19.364103538749
316 16.110185782216
317 16.610161376022
318 20.512185545655
319 16.420135493027
320 17.478271946459
321 18.217436702237
322 17.874562931719
323 17.908942587696
324 18.008400546255
325 16.780282502371
326 17.929985359726
327 17.046781908545
328 17.173289580043
329 17.777700381640
330 18.817768157715
331 18.658363312048
332 18.180948132592
333 18.840556062239
334 19.893951018070
335 18.378447540105
336 20.060936222155
337 18.354254605115
338 18.693430288139
339 18.521498277340
340 19.272308502097
341 18.125862048465
342 17.550311328702
343 16.976287460381
344 18.042376333233
345 20.915794486091
346 18.032136839110
347 17.692903050641
348 18.910194578173
349 18.672646427579
350 19.450351207867
351 19.703310863517
352 18.773156273903
353 17.724226170961
354 18.064743589033
355 17.846458857432
356 19.094792064445
357 18.909058417446
358 17.874938537919
359 18.084322619589
360 18.140288541238
361 18.282658866652
362 18.905991733773
363 21.283704887777
364 18.460995358035
365 21.124670624281
366 18.641659652761
367 18.998329490708
368 17.472739649505
369 19.630466744563
370 18.438215028508
371 19.246848108440
372 19.388345957930
373 19.947954743219
374 18.788599591491
375 19.049835700981
376 19.110435375322
377 21.798773438831
378 20.284975341601
379 20.864799154317
380 21.304502715095
381 18.896278362088
382 21.132712857898
383 20.184984363383
384 17.975888527674
385 18.849469229513
386 19.921176458341
387 19.894638243994
388 17.078968414672
389 20.921303203538
390 20.479791869060
391 19.403507253845
392 18.026022855860
393 18.061844440958
394 18.429314920460
395 21.351681130753
396 19.831492277121
397 20.735593643540
398 18.670920477694
399 20.749382285610
400 17.590884258171
401 21.151218013096
402 16.394601519536
403 19.602669421217
404 18.869042675355
405 22.537290062458
406 16.649234861830
407 22.047888220870
408 20.338871102752
409 20.273688883316
410 19.279850789993
411 18.309400068254
412 22.981990231483
413 19.768879425754
414 21.050946154137
415 21.941188925953
416 19.109036434041
417 21.785150296418
418 21.390841854270
419 20.216208060845
420 20.446552849747
421 20.518260731297
422 20.066272036367
423 20.036630273935
424 20.146703165469
425 20.572637128903
426 21.134890436196
427 19.901883351520
428 20.867045640195
429 21.190334434300
430 19.428146614111
431 20.000628652229
432 21.203994317109
433 20.139255190036
434 18.741397766292
435 20.340983634878
436 20.843720717746
437 19.884572920593
438 19.705547283697
439 18.994139721240
440 19.809936742706
441 16.790965530234
442 19.953846893754
443 21.060546784435
444 21.656047076971
445 20.952973526671
446 21.059601989057
447 19.292307151670
448 20.173024754220
449 21.935758255287
450 21.218888070243
451 21.197447655540
452 21.819746065419
453 21.364032273894
454 20.161500043012
455 21.150034860713
456 18.004658414126
457 23.775787808977
458 21.365769205671
459 19.792256021927
460 21.910128044754
461 18.785695189425
462 18.887387284574
463 21.064719606711
464 23.692853740303
465 17.301073620949
466 25.433387067679
467 21.429754431631
468 21.049971932508
469 20.828892755917
470 23.476795183955
471 18.880011493227
472 23.679949118070
473 20.185758438810
474 20.369151768054
475 21.438724227070
476 20.537694003953
477 21.607290436332
478 22.476110364326
479 22.125259311687
480 23.423782444011
481 22.744628272064
482 21.318799472238
483 23.732965725113
484 23.229236149933
485 21.541724592927
486 22.051691536238
487 21.189983031125
488 22.791551811677
489 20.517088675891
490 21.100855284798
491 19.622704632883
492 20.813321117436
493 23.149121709851
494 23.408043989994
495 23.638755709309
496 19.558000431010
497 22.879418118420
498 23.195326972461
499 22.777922210649
500 22.098804893803
501 21.944510097915
502 24.305489831260
503 20.883606010457
504 23.003714883416
505 25.164570634811
506 22.966299826798
507 21.032317952083
508 21.767750479494
509 22.212024298508
510 22.701162380757
511 24.875942193211
512 23.089478630699
513 22.270394226066
514 22.074663564466
515 24.079088235113
516 21.259964345793
517 21.620099697677
518 23.611748102110
519 24.736659914993
520 24.370011508768
521 21.615960673988
522 22.033039599301
523 25.526870034338
524 24.299919423413
525 22.827087587653
526 22.580736224435
527 22.175943293071
528 23.599523300270
529 25.065461171700
530 24.031371911264
531 22.929872497124
532 20.954167805892
533 24.073653056493
534 20.250138647288
535 20.870315482986
536 21.718452111266
537 24.292443325742
538 22.523896815036
539 25.163367587813
540 22.802138057647
541 23.986156285645
542 22.534500459018
543 25.709236545452
544 23.068845460044
545 22.894965458794
546 23.068998914940
547 24.456594202791
548 24.216774112947
549 21.675789345489
550 24.279254060501
551 22.812564212238
552 22.348098353104
553 21.296433643629
554 23.128863697499
555 22.723886111315
556 24.342426151423
557 21.845867878374
558 23.144834188418
559 21.816506616264
560 25.946454591319
561 22.967283116425
562 26.453300353819
563 26.516462862425
564 24.511456983164
565 22.608327550028
566 22.566200354457
567 22.637686360359
568 22.600637565329
569 25.791153400924
570 25.475171736418
571 24.105156994925
572 21.229401781492
573 22.960856424236
574 23.590578222235
575 23.539527926447
576 22.698344515625
577 24.583721748344
578 22.458903440507
579 23.332326522177
580 23.187621082905
581 22.399689590483
582 24.970563724802
583 21.425379226515
584 23.132072398242
585 24.849463769051
586 25.968237622803
587 27.229560676026
588 22.888230463494
589 25.684757875234
590 24.471922687031
591 25.597808553358
592 26.168455933385
593 22.211254889132
594 24.432764087133
595 25.639249087093
596 22.467331970205
597 23.627955337640
598 21.023836685638
599 25.406648789921
600 23.707342447805
601 22.444375687463
602 27.013596113809
603 25.926385984830
604 24.994447625610
605 25.677613669303
606 25.289452277271
607 24.246330062184
608 23.375981764142
609 26.351515018116
610 22.682226487660
611 25.870395121644
612 24.239119458210
613 22.303985595348
614 25.975456978355
615 24.830597933799
616 22.803829687960
617 25.175768825152
618 24.486523717139
619 23.856484148707
620 24.655472698457
621 25.097232790688
622 25.821913953740
623 27.245407977481
624 26.218726720788
625 25.337521390901
626 25.633154190423
627 25.353439115828
628 23.373913744814
629 22.496695720914
630 26.445089779343
631 27.123685884066
632 26.513295419174
633 26.303201296373
634 26.264686181913
635 23.934460479349
636 23.162422212160
637 25.421366005968
638 23.853639004353
639 26.066242050004
640 23.354917007720
641 24.269000288434
642 25.301497415852
643 23.304743808598
644 25.568057922680
645 26.559999882342
646 24.796313793271
647 25.067954518668
648 22.998789879850
649 24.977641369020
650 22.197422957125
651 29.203016318685
652 21.970589138878
653 25.003046689354
654 20.822814401742
655 23.819286270531
656 22.913171490092
657 22.857356370201
658 28.426921109223
659 24.409985909651
660 23.681722374215
661 28.560363021809
662 24.724418597815
663 25.675864152936
664 26.865677889037
665 26.377795319880
666 26.232206581021
667 24.331993309992
668 25.888866302670
669 23.489728265443
670 24.822096499075
671 26.182087559711
672 25.318281554232
673 26.122789791375
674 25.665359794076
675 28.574464124459
676 24.971463205214
677 27.030324225476
678 28.493861557963
679 28.107455465310
680 23.468183040755
681 25.599372665348
682 25.290765167040
683 23.898528164669
684 24.436735721744
685 23.791529274815
686 27.542079843566
687 27.048693793555
688 28.185057405255
689 28.172459956489
690 23.671122100238
691 27.172512930982
692 25.588674710455
693 26.011997682560
694 26.600666513912
695 26.002136142717
696 26.309080649262
697 26.114830556601
698 25.425135201214
699 24.746719913645
700 24.928785288046
701 28.165001934748
702 28.647643882176
703 26.780206185901
704 24.088536036035
705 28.036370769725
706 25.890502413711
707 27.744821976080
708 26.860461183680
709 29.786151878851
710 23.292672323810
711 25.983087761261
712 24.921826018761
713 24.766364342276
714 25.469416210612
715 25.463496390667
716 29.357957157089
717 25.229643519269
718 26.495535996359
719 27.865429796333
720 26.114115368597
721 28.031720313780
722 26.227948326880
723 24.325987382003
724 28.186599209553
725 28.941195093456
726 23.992979930336
727 25.100379533672
728 26.071996920786
729 27.963145388171
730 28.446152529824
731 26.535238768181
732 25.242955197626
733 27.752951525187
734 27.227323563610
735 25.164919895747
736 22.743297218288
737 27.157220926256
738 28.020914168873
739 27.268302160831
740 30.883313499921
741 26.080104965280
742 25.591780105815
743 26.279071513457
744 28.882976272527
745 27.189830180315
746 27.184554438136
747 25.184858538602
748 31.658513461775
749 26.794168959577
750 25.045851507473
751 26.964096498863
752 30.548741151437
753 25.670229709907
754 26.873237587561
755 25.478693419392
756 27.128523496670
757 30.259388877411
758 24.094778471888
759 24.206771231156
760 27.664776228085
761 29.502366827722
762 30.851644601372
763 25.259821728389
764 30.789212168185
765 23.996663179492
766 26.789398556145
767 25.309601492998
768 30.723371187247
769 29.189335963402
770 29.263818851100
771 27.805647856764
772 26.413733222216
773 27.099354235848
774 30.251033040212
775 28.499725875875
776 27.280296912046
777 28.120134127692
778 27.287656750580
779 29.290420122243
780 28.008909715258
781 27.510491606613
782 27.316700906909
783 27.856496100551
784 27.038199070655
785 26.917113624224
786 25.686188378923
787 28.564718014263
788 25.791413716281
789 27.136230394069
790 27.181747775104
791 29.112859594172
792 24.684765473554
793 28.315121291458
794 30.531218014313
795 27.137449440015
796 29.920985626469
797 28.393699097467
798 24.058273776590
799 30.218200615482
800 26.511789830187
801 29.404622696738
802 26.043758249339
803 25.231733607887
804 26.532391023756
805 30.079740216371
806 25.471026547027
807 27.448531381478
808 28.701449325067
809 27.932937966449
810 28.641980327997
811 31.110689481270
812 29.013799080944
813 30.640413850624
814 29.060534207710
815 32.978316147698
816 25.509936023783
817 25.690389131930
818 27.396569520368
819 29.239163991768
820 27.583675078919
821 26.821781428242
822 28.439144011545
823 26.753134855739
824 29.878820199003
825 26.455150727221
826 25.781818175557
827 29.210004540129
828 28.160793196171
829 28.907179039125
830 27.681221071333
831 26.744085210566
832 28.004982641208
833 28.857881830620
834 27.792689573879
835 29.006447963125
836 26.863183266962
837 29.930351279836
838 27.528323482370
839 28.254247295484
840 27.438692314640
841 33.398016261963
842 27.741957590219
843 29.708343834004
844 28.236026515064
845 30.518373052147
846 30.113181680744
847 27.571427125740
848 28.392645772882
849 25.501527029952
850 28.484079297697
851 28.717640586569
852 28.755056450725
853 32.062911181574
854 30.006700911786
855 29.125536475746
856 28.497459967677
857 28.824864314240
858 30.129667688177
859 27.494033443640
860 28.008713592548
861 29.189557609486
862 27.885923973564
863 28.447319733149
864 28.030936453096
865 28.511356701102
866 26.891492032797
867 30.550099733880
868 26.548820006735
869 27.186633427281
870 30.030046802120
871 29.979094278347
872 29.769356721457
873 24.704958225779
874 25.986282251110
875 29.882938112481
876 28.547003283784
877 28.522327979311
878 26.554759901711
879 30.859671675789
880 29.227116950434
881 29.869307610143
882 31.947585094329
883 28.845967547475
884 28.268898373201
885 27.461972108889
886 29.461305230070
887 27.422792007459
888 29.848510745932
889 28.239420032111
890 30.728837833693
891 27.989238305776
892 31.307256141498
893 31.332640728161
894 26.714267716136
895 32.218761366390
896 27.845376460633
897 31.335243112788
898 28.048398287324
899 29.651079633590
900 25.348489076028
901 29.583303990596
902 30.721897092099
903 27.173901052986
904 31.948654944056
905 29.717419134238
906 32.345452098933
907 25.554394917692
908 32.856514378573
909 29.492778346730
910 31.495783447947
911 31.399579515497
912 35.161110775081
913 30.017536378497
914 30.529534720241
915 30.279685847115
916 28.915555934479
917 30.180928211942
918 30.580308589638
919 29.020025245240
920 31.428331012549
921 32.975780500382
922 32.931121150583
923 28.518891080081
924 28.191929911047
925 31.064759569476
926 28.924162524339
927 30.135918502418
928 29.363827662619
929 30.237499838518
930 30.610483645058
931 31.282416780188
932 30.651260265434
933 30.346421097676
934 28.704311522836
935 35.203745694706
936 29.261945844550
937 32.480748504884
938 32.143503760237
939 29.452756131642
940 30.445034841241
941 35.122497686668
942 30.087011674215
943 29.092587752027
944 28.647899546695
945 34.033470284550
946 29.001578452463
947 32.570536436325
948 29.329148889959
949 28.541495114296
950 27.566963924234
951 27.754205058648
952 30.263809961064
953 28.325151526239
954 30.011195827557
955 31.578708709350
956 28.670661588765
957 31.647159819001
958 31.405721388586
959 35.166592228767
960 29.656365252674
961 30.371656194551
962 34.957787043805
963 27.530593777650
964 33.252584486022
965 26.709007726795
966 32.369807589162
967 29.275029355237
968 32.153679896077
969 32.605983292708
970 31.904887948401
971 28.986459662229
972 31.354824190226
973 29.864210917920
974 35.475123326072
975 30.312951027572
976 30.171866908337
977 29.865322700416
978 29.993061534868
979 28.615292431452
980 30.837175559451
981 32.397159254082
982 31.839195577150
983 27.979886051189
984 30.456279499267
985 29.585086509084
986 29.990037408279
987 30.292257255104
988 28.762662802397
989 33.124528298528
990 29.894014444523
991 32.030243886638
992 29.522067851598
993 34.754271320228
994 28.990771699801
995 34.233483557540
996 31.954007475589
997 29.732777972088
998 28.486697656264
999 32.801988643745
1000 30.825982724603
1001 30.324123898876
1002 33.736104633751
1003 30.666836060872
1004 32.535542464165
1005 32.721536861972
1006 30.230995450655
1007 27.910973844305
1008 34.277133412816
1009 30.227764942805
1010 32.127127847817
1011 33.049146641782
1012 29.799705718975
1013 31.154788550227
1014 35.579452791429
1015 30.549588274640
1016 31.172513308001
1017 34.106848280212
1018 29.858908944557
1019 29.313765964134
1020 29.056547609521
1021 33.864155177110
1022 29.847492402786
1023 35.203423212230
