0 0
1 1
2 0
3 -1
4 -2
5 -1
6 -2
7 -1
8 -2
9 -1
10 0
11 -1
12 -2
13 -3
14 -4
15 -5
16 -6
17 -5
18 -6
19 -5
20 -6
21 -5
22 -4
23 -3
24 -4
25 -3
26 -2
27 -1
28 -2
29 -1
30 0
31 -1
32 0
33 -1
34 0
35 1
36 2
37 3
38 4
39 3
40 4
41 3
42 2
43 3
44 4
45 5
46 6
47 5
48 4
49 5
50 6
51 5
52 4
53 5
54 4
55 3
56 2
57 3
58 2
59 1
60 0
61 1
62 0
63 1
64 2
65 3
66 4
67 5
68 6
69 5
70 6
71 5
72 6
73 7
74 8
75 7
76 8
77 7
78 8
79 9
80 8
81 9
82 8
83 9
84 8
85 7
86 6
87 7
88 8
89 7
90 8
91 7
92 8
93 7
94 6
95 7
96 6
97 7
98 6
99 7
100 8
101 7
102 8
103 7
104 6
105 7
106 8
107 9
108 8
109 9
110 8
111 7
112 6
113 5
114 6
115 7
116 6
117 7
118 6
119 5
120 6
121 5
122 4
123 5
124 6
125 5
126 6
127 7
128 8
129 7
130 8
131 9
132 8
133 9
134 10
135 9
136 8
137 9
138 10
139 9
140 8
141 7
142 8
143 9
144 8
145 9
146 8
147 9
148 10
149 11
150 12
151 13
152 12
153 11
154 10
155 11
156 12
157 11
158 12
159 11
160 10
161 9
162 8
163 7
164 8
165 9
166 10
167 9
168 10
169 9
170 10
171 11
172 10
173 9
174 10
175 11
176 10
177 9
178 8
179 9
180 8
181 7
182 6
183 5
184 6
185 7
186 8
187 7
188 6
189 7
190 8
191 7
192 8
193 9
194 10
195 11
196 12
197 11
198 12
199 11
200 10
201 11
202 10
203 11
204 12
205 11
206 12
207 11
208 10
209 9
210 10
211 9
212 8
213 7
214 6
215 5
216 4
217 3
218 4
219 3
220 4
221 3
222 4
223 5
224 4
225 3
226 2
227 3
228 2
229 1
230 0
231 1
232 2
233 3
234 4
235 5
236 6
237 5
238 6
239 7
240 6
241 7
242 6
243 7
244 8
245 9
246 10
247 9
248 10
249 11
250 10
251 11
252 12
253 13
254 12
255 11
256 12
257 13
258 14
259 13
260 12
261 11
262 10
263 9
264 10
265 11
266 10
267 11
268 12
269 11
270 12
271 11
272 12
273 13
274 14
275 15
276 14
277 15
278 16
279 15
280 14
281 13
282 14
283 13
284 12
285 11
286 10
287 9
288 10
289 9
290 8
291 9
292 8
293 7
294 6
295 5
296 6
297 5
298 4
299 5
300 4
301 5
302 6
303 5
304 4
305 5
306 6
307 7
308 6
309 7
310 8
311 9
312 10
313 9
314 10
315 11
316 10
317 11
318 12
319 11
320 12
321 11
322 10
323 9
324 8
325 7
326 6
327 5
328 4
329 3
330 2
331 3
332 2
333 1
334 2
335 1
336 2
337 1
338 0
339 -1
340 0
341 1
342 2
343 3
344 4
345 3
346 4
347 3
348 2
349 1
350 0
351 -1
352 0
353 -1
354 -2
355 -3
356 -4
357 -3
358 -4
359 -3
360 -4
361 -3
362 -4
363 -5
364 -4
365 -3
366 -2
367 -1
368 -2
369 -1
370 -2
371 -1
372 -2
373 -1
374 0
375 -1
376 -2
377 -3
378 -2
379 -1
380 0
381 1
382 2
383 1
384 0
385 1
386 0
387 1
388 0
389 1
390 0
391 1
392 0
393 1
394 2
395 1
396 2
397 3
398 2
399 3
400 2
401 1
402 2
403 3
404 2
405 1
406 0
407 1
408 2
409 3
410 2
411 1
412 2
413 3
414 2
415 3
416 2
417 1
418 2
419 3
420 2
421 1
422 0
423 1
424 2
425 1
426 0
427 -1
428 0
429 -1
430 -2
431 -1
432 0
433 1
434 2
435 1
436 0
437 1
438 2
439 3
440 2
441 3
442 4
443 5
444 6
445 5
446 6
447 7
448 8
449 7
450 8
451 9
452 8
453 7
454 6
455 5
456 4
457 3
458 4
459 5
460 6
461 7
462 8
463 7
464 6
465 7
466 6
467 5
468 4
469 3
470 2
471 1
472 2
473 3
474 2
475 1
476 2
477 3
478 2
479 1
480 0
481 -1
482 0
483 -1
484 -2
485 -3
486 -2
487 -1
488 0
489 -1
490 0
491 -1
492 0
493 1
494 2
495 1
496 0
497 -1
498 0
499 -1
500 -2
501 -1
502 0
503 -1
504 0
505 1
506 2
507 1
508 0
509 -1
510 0
511 1
512 0
513 1
514 2
515 3
516 4
517 5
518 4
519 5
520 6
521 7
522 8
523 9
524 8
525 9
526 8
527 7
528 6
529 7
530 8
531 7
532 8
533 7
534 8
535 7
536 8
537 7
538 8
539 7
540 6
541 7
542 8
543 7
544 6
545 7
546 8
547 7
548 6
549 5
550 6
551 5
552 6
553 7
554 8
555 7
556 8
557 9
558 10
559 11
560 12
561 11
562 12
563 13
564 12
565 13
566 12
567 13
568 14
569 15
570 14
571 15
572 16
573 15
574 14
575 15
576 16
577 15
578 14
579 13
580 12
581 13
582 12
583 11
584 12
585 11
586 10
587 9
588 8
589 9
590 8
591 9
592 10
593 11
594 10
595 9
596 10
597 11
598 10
599 9
600 8
601 7
602 6
603 7
604 6
605 7
606 8
607 7
608 8
609 9
610 8
611 7
612 8
613 9
614 8
615 7
616 8
617 9
618 10
619 11
620 10
621 11
622 12
623 11
624 12
625 11
626 10
627 9
628 10
629 9
630 10
631 9
632 10
633 11
634 10
635 11
636 12
637 13
638 12
639 11
640 12
641 13
642 14
643 13
644 14
645 13
646 14
647 13
648 14
649 13
650 12
651 11
652 12
653 11
654 12
655 13
656 12
657 13
658 14
659 13
660 12
661 13
662 12
663 13
664 12
665 11
666 12
667 11
668 10
669 9
670 8
671 9
672 10
673 9
674 10
675 9
676 8
677 7
678 8
679 7
680 8
681 7
682 6
683 7
684 6
685 7
686 6
687 7
688 8
689 7
690 6
691 5
692 6
693 5
694 6
695 5
696 6
697 7
698 6
699 5
700 6
701 7
702 8
703 7
704 6
705 7
706 8
707 9
708 8
709 9
710 10
711 11
712 12
713 11
714 12
715 11
716 10
717 11
718 12
719 13
720 12
721 11
722 10
723 9
724 8
725 9
726 10
727 9
728 10
729 11
730 10
731 9
732 10
733 9
734 10
735 9
736 10
737 11
738 12
739 13
740 12
741 11
742 12
743 13
744 12
745 11
746 12
747 11
748 10
749 11
750 10
751 9
752 10
753 9
754 10
755 9
756 8
757 7
758 6
759 5
760 4
761 5
762 4
763 5
764 6
765 5
766 6
767 5
768 6
769 5
770 4
771 3
772 4
773 3
774 4
775 5
776 6
777 7
778 6
779 7
780 8
781 9
782 8
783 9
784 8
785 9
786 8
787 9
788 10
789 11
790 12
791 13
792 12
793 11
794 12
795 13
796 12
797 13
798 12
799 11
800 10
801 11
802 10
803 11
804 10
805 9
806 10
807 11
808 10
809 9
810 10
811 11
812 12
813 13
814 14
815 13
816 14
817 15
818 16
819 15
820 14
821 13
822 12
823 11
824 10
825 9
826 8
827 9
828 10
829 11
830 12
831 11
832 10
833 9
834 10
835 9
836 8
837 9
838 8
839 9
840 10
841 11
842 10
843 11
844 10
845 11
846 10
847 9
848 8
849 9
850 8
851 9
852 8
853 9
854 10
855 9
856 10
857 9
858 8
859 9
860 10
861 9
862 10
863 11
864 10
865 11
866 10
867 11
868 12
869 13
870 12
871 13
872 12
873 13
874 14
875 15
876 14
877 15
878 16
879 17
880 16
881 15
882 14
883 13
884 14
885 13
886 14
887 15
888 14
889 13
890 12
891 11
892 10
893 9
894 10
895 9
896 10
897 9
898 8
899 9
900 10
901 11
902 10
903 9
904 8
905 9
906 10
907 11
908 10
909 9
910 10
911 11
912 10
913 9
914 8
915 7
916 6
917 5
918 6
919 7
920 6
921 5
922 6
923 5
924 4
925 5
926 6
927 5
928 4
929 5
930 6
931 5
932 4
933 3
934 2
935 3
936 4
937 5
938 4
939 5
940 4
941 5
942 6
943 7
944 8
945 9
946 10
947 9
948 10
949 11
950 10
951 11
952 12
953 11
954 10
955 9
956 10
957 11
958 10
959 9
960 10
961 9
962 8
963 9
964 8
965 7
966 8
967 9
968 8
969 9
970 10
971 9
972 10
973 9
974 10
975 9
976 8
977 9
978 10
979 11
980 10
981 11
982 12
983 13
984 14
985 15
986 14
987 15
988 14
989 13
990 14
991 15
992 16
993 17
994 18
995 19
996 18
997 17
998 18
999 17
1000 18
1001 19
1002 20
1003 19
1004 18
1005 19
1006 20
1007 19
1008 18
1009 19
1010 18
1011 17
1012 16
1013 17
1014 16
1015 15
1016 16
1017 15
1018 16
1019 17
1020 18
1021 19
1022 20
1023 19
1024 20
1025 21
1026 20
1027 21
1028 22
1029 21
1030 20
1031 21
1032 22
1033 23
1034 22
1035 21
1036 20
1037 19
1038 20
1039 19
1040 20
1041 21
1042 22
1043 23
1044 24
1045 23
1046 24
1047 23
1048 22
1049 23
1050 22
1051 21
1052 20
1053 21
1054 20
1055 21
1056 22
1057 23
1058 24
1059 23
1060 24
1061 25
1062 24
1063 25
1064 26
1065 25
1066 24
1067 23
1068 22
1069 23
1070 24
1071 23
1072 22
1073 21
1074 20
1075 21
1076 20
1077 19
1078 18
1079 19
1080 20
1081 19
1082 20
1083 19
1084 18
1085 17
1086 18
1087 19
1088 18
1089 17
1090 16
1091 15
1092 14
1093 13
1094 12
1095 13
1096 14
1097 13
1098 14
1099 13
1100 14
1101 15
1102 14
1103 13
1104 14
1105 13
1106 12
1107 11
1108 10
1109 9
1110 8
1111 7
1112 8
1113 7
1114 6
1115 5
1116 4
1117 5
1118 4
1119 5
1120 4
1121 3
1122 4
1123 5
1124 6
1125 7
1126 8
1127 7
1128 6
1129 7
1130 8
1131 9
1132 8
1133 9
1134 10
1135 9
1136 8
1137 9
1138 8
1139 9
1140 8
1141 7
1142 8
1143 9
1144 8
1145 9
1146 10
1147 11
1148 12
1149 11
1150 12
1151 11
1152 10
1153 9
1154 10
1155 9
1156 8
1157 9
1158 10
1159 11
1160 10
1161 9
1162 8
1163 9
1164 8
1165 7
1166 8
1167 7
1168 6
1169 7
1170 8
1171 7
1172 6
1173 5
1174 4
1175 5
1176 4
1177 3
1178 4
1179 3
1180 2
1181 1
1182 0
1183 1
1184 2
1185 1
1186 2
1187 1
1188 2
1189 3
1190 4
1191 3
1192 4
1193 3
1194 4
1195 5
1196 6
1197 5
1198 4
1199 5
1200 4
1201 5
1202 4
1203 3
1204 2
1205 3
1206 2
1207 3
1208 2
1209 3
1210 4
1211 3
1212 4
1213 5
1214 4
1215 3
1216 4
1217 3
1218 2
1219 3
1220 4
1221 3
1222 4
1223 5
1224 4
1225 5
1226 4
1227 5
1228 6
1229 5
1230 6
1231 7
1232 6
1233 5
1234 4
1235 5
1236 6
1237 5
1238 4
1239 5
1240 6
1241 5
1242 4
1243 5
1244 6
1245 7
1246 8
1247 9
1248 10
1249 9
1250 10
1251 11
1252 10
1253 11
1254 10
1255 9
1256 8
1257 9
1258 8
1259 9
1260 8
1261 9
1262 10
1263 11
1264 12
1265 13
1266 12
1267 13
1268 12
1269 13
1270 12
1271 11
1272 12
1273 13
1274 14
1275 15
1276 14
1277 13
1278 14
1279 13
1280 14
1281 13
1282 14
1283 15
1284 16
1285 15
1286 14
1287 15
1288 16
1289 15
1290 16
1291 15
1292 14
1293 13
1294 14
1295 15
1296 14
1297 15
1298 16
1299 15
1300 16
1301 17
1302 18
1303 17
1304 18
1305 17
1306 16
1307 15
1308 16
1309 17
1310 16
1311 15
1312 14
1313 13
1314 14
1315 13
1316 12
1317 13
1318 12
1319 11
1320 10
1321 11
1322 10
1323 9
1324 10
1325 11
1326 10
1327 9
1328 10
1329 11
1330 12
1331 11
1332 12
1333 11
1334 12
1335 11
1336 10
1337 11
1338 10
1339 11
1340 12
1341 13
1342 14
1343 15
1344 16
1345 17
1346 16
1347 15
1348 16
1349 15
1350 14
1351 15
1352 16
1353 15
1354 14
1355 15
1356 14
1357 13
1358 12
1359 13
1360 14
1361 15
1362 16
1363 15
1364 16
1365 15
1366 16
1367 15
1368 14
1369 13
1370 12
1371 13
1372 14
1373 13
1374 14
1375 15
1376 16
1377 17
1378 18
1379 19
1380 18
1381 17
1382 16
1383 17
1384 16
1385 15
1386 16
1387 15
1388 16
1389 17
1390 16
1391 15
1392 16
1393 17
1394 18
1395 19
1396 18
1397 17
1398 18
1399 17
1400 16
1401 15
1402 16
1403 15
1404 14
1405 15
1406 16
1407 17
1408 18
1409 19
1410 18
1411 19
1412 20
1413 21
1414 20
1415 19
1416 18
1417 17
1418 16
1419 17
1420 18
1421 17
1422 16
1423 15
1424 14
1425 15
1426 16
1427 15
1428 16
1429 17
1430 16
1431 15
1432 16
1433 15
1434 14
1435 15
1436 16
1437 15
1438 16
1439 15
1440 16
1441 15
1442 14
1443 13
1444 12
1445 13
1446 12
1447 13
1448 14
1449 15
1450 14
1451 15
1452 14
1453 13
1454 12
1455 11
1456 12
1457 11
1458 12
1459 13
1460 14
1461 13
1462 14
1463 15
1464 14
1465 13
1466 14
1467 13
1468 12
1469 13
1470 14
1471 15
1472 14
1473 15
1474 16
1475 15
1476 14
1477 13
1478 14
1479 15
1480 16
1481 15
1482 16
1483 15
1484 16
1485 17
1486 18
1487 19
1488 20
1489 19
1490 18
1491 19
1492 18
1493 17
1494 18
1495 19
1496 18
1497 19
1498 20
1499 19
1500 18
1501 19
1502 20
1503 19
1504 18
1505 19
1506 20
1507 19
1508 18
1509 19
1510 18
1511 19
1512 20
1513 21
1514 20
1515 21
1516 22
1517 23
1518 22
1519 23
1520 24
1521 23
1522 24
1523 23
1524 22
1525 21
1526 22
1527 23
1528 24
1529 25
1530 26
1531 27
1532 26
1533 27
1534 26
1535 27
1536 28
1537 27
1538 26
1539 27
1540 28
1541 27
1542 28
1543 29
1544 28
1545 29
1546 28
1547 27
1548 28
1549 27
1550 28
1551 29
1552 30
1553 29
1554 30
1555 29
1556 30
1557 31
1558 32
1559 31
1560 32
1561 33
1562 32
1563 31
1564 30
1565 31
1566 32
1567 31
1568 32
1569 33
1570 34
1571 33
1572 34
1573 35
1574 34
1575 33
1576 32
1577 31
1578 30
1579 29
1580 28
1581 27
1582 28
1583 27
1584 26
1585 25
1586 24
1587 25
1588 24
1589 25
1590 24
1591 25
1592 24
1593 25
1594 26
1595 27
1596 26
1597 27
1598 28
1599 29
1600 28
1601 29
1602 28
1603 27
1604 26
1605 25
1606 24
1607 25
1608 26
1609 27
1610 28
1611 27
1612 28
1613 27
1614 26
1615 25
1616 26
1617 25
1618 24
1619 25
1620 26
1621 25
1622 26
1623 25
1624 26
1625 27
1626 26
1627 25
1628 24
1629 25
1630 24
1631 23
1632 22
1633 23
1634 24
1635 25
1636 26
1637 27
1638 26
1639 27
1640 28
1641 27
1642 28
1643 29
1644 28
1645 29
1646 30
1647 29
1648 30
1649 31
1650 30
1651 31
1652 30
1653 31
1654 32
1655 31
1656 32
1657 33
1658 32
1659 33
1660 34
1661 35
1662 34
1663 33
1664 32
1665 33
1666 34
1667 35
1668 36
1669 35
1670 34
1671 35
1672 34
1673 35
1674 34
1675 35
1676 36
1677 37
1678 38
1679 37
1680 38
1681 39
1682 40
1683 39
1684 40
1685 41
1686 40
1687 39
1688 40
1689 41
1690 40
1691 39
1692 38
1693 39
1694 40
1695 39
1696 40
1697 39
1698 38
1699 37
1700 38
1701 39
1702 40
1703 41
1704 42
1705 41
1706 42
1707 41
1708 42
1709 41
1710 40
1711 41
1712 40
1713 39
1714 40
1715 41
1716 42
1717 41
1718 42
1719 41
1720 42
1721 41
1722 42
1723 41
1724 42
1725 41
1726 40
1727 39
1728 40
1729 41
1730 42
1731 41
1732 40
1733 41
1734 40
1735 41
1736 42
1737 43
1738 42
1739 41
1740 40
1741 41
1742 40
1743 39
1744 40
1745 39
1746 40
1747 39
1748 38
1749 39
1750 40
1751 41
1752 42
1753 41
1754 42
1755 43
1756 44
1757 43
1758 44
1759 43
1760 44
1761 43
1762 44
1763 45
1764 46
1765 47
1766 48
1767 47
1768 48
1769 47
1770 48
1771 47
1772 48
1773 47
1774 48
1775 47
1776 46
1777 45
1778 46
1779 45
1780 44
1781 45
1782 44
1783 43
1784 44
1785 43
1786 44
1787 45
1788 44
1789 43
1790 44
1791 43
1792 44
1793 45
1794 44
1795 43
1796 42
1797 43
1798 44
1799 43
1800 44
1801 45
1802 46
1803 45
1804 46
1805 45
1806 46
1807 45
1808 46
1809 45
1810 44
1811 45
1812 46
1813 47
1814 48
1815 49
1816 50
1817 49
1818 48
1819 47
1820 48
1821 47
1822 46
1823 45
1824 46
1825 45
1826 46
1827 45
1828 44
1829 45
1830 46
1831 45
1832 46
1833 45
1834 46
1835 47
1836 48
1837 49
1838 50
1839 49
1840 48
1841 47
1842 46
1843 47
1844 48
1845 47
1846 48
1847 49
1848 50
1849 49
1850 50
1851 49
1852 50
1853 49
1854 50
1855 49
1856 50
1857 51
1858 52
1859 51
1860 50
1861 51
1862 50
1863 49
1864 48
1865 47
1866 48
1867 49
1868 50
1869 49
1870 48
1871 49
1872 48
1873 47
1874 48
1875 47
1876 46
1877 47
1878 48
1879 47
1880 48
1881 47
1882 46
1883 47
1884 48
1885 47
1886 46
1887 45
1888 46
1889 47
1890 46
1891 45
1892 44
1893 45
1894 44
1895 43
1896 44
1897 45
1898 44
1899 45
1900 46
1901 45
1902 46
1903 45
1904 46
1905 45
1906 44
1907 43
1908 42
1909 43
1910 42
1911 41
1912 40
1913 39
1914 40
1915 41
1916 42
1917 43
1918 44
1919 43
1920 44
1921 43
1922 42
1923 41
1924 42
1925 43
1926 42
1927 43
1928 42
1929 43
1930 44
1931 43
1932 44
1933 43
1934 42
1935 41
1936 42
1937 41
1938 40
1939 41
1940 40
1941 39
1942 40
1943 39
1944 40
1945 41
1946 40
1947 39
1948 38
1949 37
1950 38
1951 37
1952 36
1953 35
1954 34
1955 33
1956 34
1957 35
1958 36
1959 35
1960 34
1961 35
1962 34
1963 33
1964 34
1965 35
1966 34
1967 33
1968 32
1969 33
1970 32
1971 31
1972 30
1973 29
1974 30
1975 29
1976 30
1977 31
1978 32
1979 31
1980 32
1981 31
1982 32
1983 31
1984 32
1985 33
1986 32
1987 33
1988 34
1989 33
1990 34
1991 35
1992 36
1993 37
1994 36
1995 37
1996 38
1997 37
1998 38
1999 39
2000 38
2001 37
2002 38
2003 37
2004 36
2005 37
2006 38
2007 37
2008 36
2009 35
2010 36
2011 35
2012 36
2013 35
2014 34
2015 33
2016 34
2017 33
2018 34
2019 33
2020 34
2021 33
2022 32
2023 31
2024 30
2025 29
2026 30
2027 31
2028 32
2029 33
2030 34
2031 33
2032 32
2033 31
2034 32
2035 33
2036 34
2037 33
2038 34
2039 33
2040 32
2041 31
2042 30
2043 31
2044 32
2045 31
2046 30
2047 31
2048 32
2049 33
2050 32
2051 31
2052 30
2053 29
2054 30
2055 31
2056 32
2057 31
2058 32
2059 33
2060 32
2061 31
2062 32
2063 31
2064 32
2065 31
2066 32
2067 31
2068 32
2069 33
2070 34
2071 35
2072 34
2073 35
2074 36
2075 37
2076 36
2077 37
2078 36
2079 37
2080 38
2081 37
2082 38
2083 39
2084 40
2085 39
2086 40
2087 39
2088 40
2089 39
2090 40
2091 39
2092 38
2093 39
2094 38
2095 39
2096 38
2097 37
2098 36
2099 37
2100 38
2101 39
2102 40
2103 41
2104 42
2105 43
2106 42
2107 43
2108 42
2109 43
2110 42
2111 43
2112 44
2113 43
2114 44
2115 43
2116 44
2117 43
2118 44
2119 45
2120 46
2121 47
2122 48
2123 49
2124 48
2125 47
2126 48
2127 49
2128 50
2129 49
2130 50
2131 49
2132 50
2133 49
2134 48
2135 49
2136 50
2137 51
2138 50
2139 49
2140 48
2141 49
2142 48
2143 47
2144 46
2145 45
2146 46
2147 47
2148 46
2149 45
2150 46
2151 45
2152 46
2153 47
2154 48
2155 47
2156 48
2157 49
2158 48
2159 47
2160 48
2161 49
2162 50
2163 51
2164 50
2165 49
2166 48
2167 47
2168 46
2169 47
2170 48
2171 49
2172 48
2173 49
2174 50
2175 49
2176 50
2177 51
2178 50
2179 49
2180 50
2181 51
2182 50
2183 51
2184 50
2185 49
2186 48
2187 47
2188 46
2189 45
2190 46
2191 47
2192 46
2193 45
2194 46
2195 45
2196 46
2197 45
2198 44
2199 45
2200 46
2201 45
2202 46
2203 45
2204 46
2205 45
2206 46
2207 47
2208 48
2209 49
2210 50
2211 51
2212 52
2213 51
2214 50
2215 51
2216 50
2217 51
2218 52
2219 53
2220 54
2221 55
2222 54
2223 53
2224 52
2225 51
2226 50
2227 51
2228 52
2229 53
2230 54
2231 55
2232 56
2233 55
2234 56
2235 57
2236 58
2237 57
2238 56
2239 55
2240 54
2241 53
2242 52
2243 53
2244 54
2245 55
2246 56
2247 55
2248 54
2249 55
2250 56
2251 55
2252 54
2253 53
2254 52
2255 51
2256 50
2257 51
2258 52
2259 53
2260 54
2261 55
2262 54
2263 55
2264 56
2265 55
2266 54
2267 53
2268 54
2269 55
2270 56
2271 57
2272 56
2273 55
2274 54
2275 55
2276 56
2277 57
2278 58
2279 57
2280 56
2281 55
2282 54
2283 55
2284 54
2285 55
2286 56
2287 57
2288 58
2289 57
2290 58
2291 57
2292 56
2293 55
2294 56
2295 57
2296 56
2297 55
2298 54
2299 53
2300 54
2301 55
2302 56
2303 55
2304 56
2305 55
2306 56
2307 57
2308 56
2309 57
2310 58
2311 59
2312 58
2313 59
2314 58
2315 57
2316 58
2317 59
2318 58
2319 57
2320 56
2321 55
2322 54
2323 53
2324 52
2325 51
2326 52
2327 53
2328 54
2329 55
2330 56
2331 57
2332 58
2333 57
2334 58
2335 59
2336 60
2337 59
2338 58
2339 59
2340 58
2341 57
2342 56
2343 55
2344 56
2345 55
2346 56
2347 57
2348 58
2349 59
2350 60
2351 59
2352 60
2353 59
2354 58
2355 57
2356 58
2357 57
2358 58
2359 57
2360 56
2361 57
2362 58
2363 59
2364 58
2365 57
2366 58
2367 59
2368 60
2369 59
2370 58
2371 59
2372 58
2373 59
2374 60
2375 59
2376 60
2377 61
2378 62
2379 63
2380 62
2381 63
2382 64
2383 63
2384 62
2385 63
2386 62
2387 63
2388 64
2389 63
2390 62
2391 61
2392 62
2393 63
2394 62
2395 63
2396 62
2397 63
2398 62
2399 61
2400 62
2401 63
2402 62
2403 61
2404 60
2405 59
2406 58
2407 57
2408 58
2409 59
2410 60
2411 61
2412 62
2413 63
2414 62
2415 63
2416 62
2417 63
2418 62
2419 61
2420 60
2421 59
2422 58
2423 59
2424 58
2425 57
2426 58
2427 59
2428 58
2429 57
2430 58
2431 57
2432 56
2433 57
2434 56
2435 55
2436 54
2437 53
2438 54
2439 55
2440 54
2441 53
2442 54
2443 55
2444 56
2445 57
2446 56
2447 55
2448 56
2449 57
2450 58
2451 59
2452 60
2453 61
2454 60
2455 59
2456 58
2457 57
2458 58
2459 57
2460 56
2461 57
2462 56
2463 55
2464 56
2465 55
2466 56
2467 57
2468 58
2469 57
2470 56
2471 57
2472 58
2473 59
2474 58
2475 59
2476 60
2477 59
2478 60
2479 59
2480 58
2481 57
2482 58
2483 57
2484 56
2485 55
2486 54
2487 55
2488 54
2489 53
2490 54
2491 55
2492 56
2493 55
2494 54
2495 53
2496 54
2497 53
2498 54
2499 53
2500 52
2501 53
2502 52
2503 51
2504 52
2505 51
2506 52
2507 51
2508 52
2509 53
2510 52
2511 53
2512 54
2513 53
2514 54
2515 53
2516 52
2517 51
2518 52
2519 51
2520 50
2521 51
2522 50
2523 49
2524 50
2525 49
2526 48
2527 49
2528 50
2529 49
2530 48
2531 47
2532 46
2533 45
2534 44
2535 45
2536 44
2537 45
2538 44
2539 43
2540 44
2541 45
2542 44
2543 43
2544 44
2545 43
2546 44
2547 45
2548 46
2549 45
2550 44
2551 45
2552 46
2553 45
2554 44
2555 45
2556 46
2557 45
2558 44
2559 43
2560 44
2561 43
2562 42
2563 43
2564 42
2565 43
2566 44
2567 45
2568 46
2569 45
2570 44
2571 43
2572 44
2573 45
2574 46
2575 45
2576 46
2577 45
2578 46
2579 45
2580 44
2581 45
2582 44
2583 43
2584 42
2585 41
2586 42
2587 41
2588 42
2589 41
2590 42
2591 41
2592 40
2593 39
2594 38
2595 39
2596 40
2597 39
2598 40
2599 39
2600 38
2601 39
2602 40
2603 41
2604 40
2605 39
2606 40
2607 39
2608 38
2609 39
2610 40
2611 41
2612 42
2613 43
2614 44
2615 43
2616 42
2617 43
2618 42
2619 43
2620 44
2621 45
2622 44
2623 43
2624 44
2625 45
2626 46
2627 47
2628 48
2629 47
2630 46
2631 45
2632 44
2633 45
2634 46
2635 47
2636 48
2637 49
2638 48
2639 47
2640 46
2641 47
2642 46
2643 47
2644 48
2645 47
2646 46
2647 47
2648 48
2649 47
2650 48
2651 49
2652 48
2653 47
2654 48
2655 47
2656 48
2657 47
2658 48
2659 49
2660 50
2661 49
2662 50
2663 49
2664 50
2665 49
2666 50
2667 51
2668 50
2669 51
2670 52
2671 51
2672 52
2673 53
2674 52
2675 51
2676 52
2677 51
2678 50
2679 51
2680 52
2681 51
2682 50
2683 49
2684 48
2685 49
2686 48
2687 47
2688 48
2689 47
2690 48
2691 49
2692 48
2693 47
2694 48
2695 49
2696 50
2697 51
2698 50
2699 51
2700 52
2701 51
2702 50
2703 49
2704 50
2705 51
2706 52
2707 53
2708 52
2709 53
2710 52
2711 53
2712 54
2713 53
2714 52
2715 53
2716 54
2717 53
2718 54
2719 55
2720 56
2721 57
2722 58
2723 59
2724 60
2725 59
2726 60
2727 61
2728 60
2729 59
2730 58
2731 59
2732 58
2733 59
2734 60
2735 59
2736 58
2737 57
2738 56
2739 57
2740 56
2741 55
2742 56
2743 57
2744 58
2745 59
2746 60
2747 59
2748 60
2749 61
2750 60
2751 59
2752 58
2753 59
2754 58
2755 57
2756 56
2757 55
2758 56
2759 55
2760 54
2761 53
2762 54
2763 55
2764 54
2765 55
2766 54
2767 55
2768 56
2769 55
2770 54
2771 55
2772 56
2773 57
2774 58
2775 57
2776 58
2777 59
2778 60
2779 61
2780 60
2781 61
2782 60
2783 61
2784 62
2785 61
2786 62
2787 63
2788 62
2789 63
2790 64
2791 65
2792 64
2793 65
2794 66
2795 65
2796 64
2797 65
2798 66
2799 65
2800 64
2801 63
2802 62
2803 61
2804 62
2805 61
2806 60
2807 59
2808 60
2809 61
2810 60
2811 61
2812 62
2813 61
2814 62
2815 61
2816 60
2817 59
2818 58
2819 59
2820 58
2821 57
2822 58
2823 57
2824 58
2825 57
2826 56
2827 55
2828 54
2829 53
2830 54
2831 55
2832 54
2833 55
2834 56
2835 55
2836 56
2837 55
2838 56
2839 57
2840 56
2841 57
2842 56
2843 57
2844 58
2845 57
2846 56
2847 55
2848 54
2849 55
2850 56
2851 57
2852 58
2853 57
2854 58
2855 59
2856 60
2857 59
2858 58
2859 57
2860 58
2861 59
2862 60
2863 61
2864 62
2865 63
2866 62
2867 63
2868 64
2869 65
2870 64
2871 63
2872 64
2873 65
2874 64
2875 63
2876 64
2877 63
2878 62
2879 61
2880 60
2881 59
2882 60
2883 61
2884 62
2885 63
2886 64
2887 65
2888 64
2889 63
2890 64
2891 65
2892 66
2893 67
2894 68
2895 69
2896 68
2897 69
2898 70
2899 69
2900 70
2901 71
2902 70
2903 69
2904 70
2905 69
2906 68
2907 69
2908 70
2909 71
2910 72
2911 73
2912 72
2913 73
2914 74
2915 75
2916 76
2917 77
2918 76
2919 77
2920 78
2921 79
2922 80
2923 79
2924 80
2925 79
2926 78
2927 79
2928 78
2929 79
2930 78
2931 79
2932 80
2933 79
2934 80
2935 81
2936 82
2937 81
2938 80
2939 81
2940 80
2941 79
2942 78
2943 77
2944 76
2945 75
2946 76
2947 77
2948 78
2949 77
2950 78
2951 77
2952 78
2953 79
2954 80
2955 81
2956 82
2957 81
2958 80
2959 81
2960 82
2961 83
2962 84
2963 85
2964 84
2965 83
2966 82
2967 83
2968 84
2969 83
2970 82
2971 83
2972 84
2973 85
2974 86
2975 87
2976 86
2977 85
2978 86
2979 87
2980 86
2981 85
2982 84
2983 83
2984 84
2985 85
2986 86
2987 87
2988 86
2989 85
2990 86
2991 87
2992 88
2993 87
2994 88
2995 89
2996 88
2997 89
2998 90
2999 91
3000 90
3001 89
3002 90
3003 91
3004 90
3005 89
3006 88
3007 87
3008 88
3009 89
3010 90
3011 89
3012 88
3013 87
3014 86
3015 85
3016 86
3017 85
3018 86
3019 85
3020 86
3021 85
3022 84
3023 85
3024 86
3025 87
3026 88
3027 89
3028 88
3029 87
3030 88
3031 89
3032 90
3033 89
3034 88
3035 89
3036 90
3037 91
3038 92
3039 91
3040 90
3041 91
3042 90
3043 91
3044 92
3045 93
3046 94
3047 95
3048 96
3049 97
3050 98
3051 99
3052 98
3053 99
3054 98
3055 99
3056 100
3057 101
3058 102
3059 101
3060 100
3061 101
3062 102
3063 101
3064 102
3065 103
3066 104
3067 105
3068 104
3069 105
3070 106
3071 107
3072 106
3073 107
3074 108
3075 109
3076 108
3077 109
3078 110
3079 109
3080 108
3081 107
3082 106
3083 105
3084 104
3085 103
3086 102
3087 103
3088 102
3089 103
3090 104
3091 105
3092 104
3093 103
3094 102
3095 101
3096 100
3097 101
3098 102
3099 103
3100 104
3101 105
3102 106
3103 107
3104 106
3105 105
3106 106
3107 107
3108 106
3109 107
3110 106
3111 105
3112 106
3113 107
3114 108
3115 107
3116 108
3117 109
3118 110
3119 109
3120 110
3121 111
3122 110
3123 109
3124 108
3125 107
3126 106
3127 107
3128 106
3129 105
3130 104
3131 105
3132 106
3133 105
3134 106
3135 105
3136 106
3137 107
3138 106
3139 107
3140 106
3141 107
3142 108
3143 109
3144 108
3145 109
3146 108
3147 107
3148 106
3149 105
3150 106
3151 105
3152 106
3153 107
3154 106
3155 105
3156 104
3157 105
3158 106
3159 105
3160 106
3161 107
3162 106
3163 105
3164 106
3165 105
3166 106
3167 107
3168 108
3169 109
3170 108
3171 109
3172 108
3173 109
3174 110
3175 111
3176 112
3177 113
3178 114
3179 115
3180 116
3181 115
3182 114
3183 115
3184 116
3185 115
3186 116
3187 115
3188 116
3189 115
3190 116
3191 115
3192 114
3193 113
3194 114
3195 113
3196 112
3197 113
3198 114
3199 115
3200 114
3201 115
3202 114
3203 115
3204 116
3205 117
3206 116
3207 115
3208 116
3209 115
3210 116
3211 117
3212 116
3213 115
3214 114
3215 113
3216 112
3217 113
3218 112
3219 111
3220 110
3221 109
3222 110
3223 109
3224 108
3225 107
3226 106
3227 105
3228 104
3229 105
3230 106
3231 107
3232 106
3233 107
3234 106
3235 107
3236 108
3237 109
3238 110
3239 109
3240 110
3241 111
3242 112
3243 111
3244 112
3245 111
3246 110
3247 109
3248 108
3249 109
3250 108
3251 107
3252 108
3253 109
3254 110
3255 111
3256 110
3257 111
3258 110
3259 109
3260 110
3261 111
3262 112
3263 113
3264 114
3265 113
3266 114
3267 115
3268 114
3269 115
3270 114
3271 115
3272 116
3273 117
3274 116
3275 117
3276 116
3277 115
3278 116
3279 115
3280 116
3281 115
3282 116
3283 115
3284 114
3285 113
3286 112
3287 111
3288 110
3289 109
3290 110
3291 111
3292 110
3293 111
3294 110
3295 111
3296 112
3297 111
3298 110
3299 109
3300 108
3301 109
3302 110
3303 111
3304 112
3305 113
3306 112
3307 113
3308 112
3309 111
3310 110
3311 111
3312 110
3313 111
3314 110
3315 109
3316 110
3317 111
3318 112
3319 113
3320 114
3321 113
3322 112
3323 111
3324 110
3325 111
3326 112
3327 113
3328 112
3329 111
3330 112
3331 111
3332 112
3333 113
3334 114
3335 113
3336 114
3337 113
3338 112
3339 111
3340 110
3341 109
3342 108
3343 107
3344 108
3345 107
3346 108
3347 109
3348 108
3349 109
3350 110
3351 109
3352 108
3353 109
3354 108
3355 107
3356 108
3357 107
3358 106
3359 105
3360 106
3361 105
3362 104
3363 103
3364 102
3365 101
3366 102
3367 101
3368 100
3369 99
3370 98
3371 99
3372 98
3373 97
3374 96
3375 97
3376 98
3377 99
3378 100
3379 101
3380 100
3381 99
3382 100
3383 101
3384 100
3385 101
3386 102
3387 103
3388 102
3389 103
3390 102
3391 103
3392 104
3393 105
3394 104
3395 103
3396 104
3397 105
3398 104
3399 103
3400 102
3401 101
3402 100
3403 99
3404 98
3405 97
3406 96
3407 97
3408 96
3409 97
3410 98
3411 97
3412 98
3413 97
3414 96
3415 97
3416 96
3417 97
3418 98
3419 97
3420 98
3421 99
3422 100
3423 101
3424 102
3425 101
3426 102
3427 101
3428 100
3429 101
3430 102
3431 101
3432 102
3433 103
3434 102
3435 101
3436 100
3437 99
3438 98
3439 97
3440 98
3441 99
3442 100
3443 101
3444 100
3445 101
3446 100
3447 101
3448 100
3449 99
3450 100
3451 101
3452 100
3453 101
3454 100
3455 101
3456 100
3457 99
3458 98
3459 97
3460 98
3461 99
3462 98
3463 99
3464 100
3465 99
3466 100
3467 99
3468 100
3469 99
3470 98
3471 99
3472 100
3473 101
3474 100
3475 99
3476 98
3477 99
3478 100
3479 101
3480 100
3481 101
3482 102
3483 101
3484 102
3485 103
3486 104
3487 105
3488 106
3489 107
3490 108
3491 109
3492 110
3493 111
3494 110
3495 111
3496 110
3497 109
3498 110
3499 109
3500 108
3501 109
3502 110
3503 111
3504 110
3505 109
3506 108
3507 109
3508 108
3509 109
3510 108
3511 109
3512 108
3513 109
3514 110
3515 111
3516 112
3517 111
3518 112
3519 113
3520 112
3521 111
3522 110
3523 111
3524 110
3525 111
3526 110
3527 111
3528 112
3529 113
3530 114
3531 115
3532 114
3533 115
3534 116
3535 117
3536 116
3537 117
3538 116
3539 117
3540 118
3541 119
3542 118
3543 117
3544 118
3545 119
3546 118
3547 117
3548 116
3549 117
3550 118
3551 117
3552 116
3553 115
3554 116
3555 115
3556 116
3557 115
3558 114
3559 115
3560 114
3561 113
3562 114
3563 113
3564 114
3565 113
3566 112
3567 111
3568 110
3569 111
3570 110
3571 111
3572 112
3573 111
3574 112
3575 111
3576 110
3577 111
3578 110
3579 111
3580 112
3581 111
3582 112
3583 113
3584 112
3585 113
3586 112
3587 111
3588 110
3589 109
3590 110
3591 109
3592 108
3593 107
3594 108
3595 107
3596 108
3597 109
3598 110
3599 109
3600 110
3601 111
3602 112
3603 111
3604 110
3605 111
3606 110
3607 109
3608 110
3609 109
3610 108
3611 107
3612 108
3613 107
3614 108
3615 107
3616 108
3617 109
3618 108
3619 107
3620 108
3621 107
3622 106
3623 105
3624 106
3625 107
3626 106
3627 107
3628 108
3629 109
3630 110
3631 111
3632 110
3633 111
3634 112
3635 113
3636 112
3637 111
3638 112
3639 113
3640 114
3641 113
3642 114
3643 113
3644 112
3645 113
3646 112
3647 111
3648 110
3649 111
3650 110
3651 109
3652 108
3653 107
3654 106
3655 107
3656 106
3657 107
3658 108
3659 107
3660 106
3661 105
3662 106
3663 107
3664 108
3665 109
3666 108
3667 107
3668 108
3669 107
3670 106
3671 107
3672 106
3673 105
3674 106
3675 107
3676 108
3677 107
3678 108
3679 107
3680 108
3681 109
3682 108
3683 109
3684 108
3685 109
3686 110
3687 111
3688 110
3689 109
3690 110
3691 111
3692 112
3693 113
3694 114
3695 115
3696 114
3697 113
3698 114
3699 113
3700 114
3701 115
3702 116
3703 115
3704 116
3705 117
3706 118
3707 119
3708 120
3709 119
3710 120
3711 121
3712 120
3713 119
3714 118
3715 117
3716 118
3717 117
3718 118
3719 117
3720 118
3721 119
3722 118
3723 119
3724 118
3725 117
3726 116
3727 117
3728 116
3729 117
3730 118
3731 119
3732 120
3733 121
3734 120
3735 121
3736 120
3737 121
3738 120
3739 121
3740 122
3741 123
3742 124
3743 125
3744 126
3745 127
3746 126
3747 127
3748 126
3749 125
3750 124
3751 123
3752 124
3753 123
3754 124
3755 125
3756 124
3757 125
3758 124
3759 125
3760 126
3761 125
3762 126
3763 127
3764 128
3765 129
3766 128
3767 127
3768 126
3769 125
3770 124
3771 123
3772 122
3773 123
3774 122
3775 121
3776 122
3777 121
3778 122
3779 123
3780 122
3781 121
3782 120
3783 119
3784 120
3785 121
3786 122
3787 121
3788 122
3789 121
3790 122
3791 123
3792 124
3793 123
3794 122
3795 123
3796 122
3797 121
3798 122
3799 121
3800 122
3801 123
3802 124
3803 125
3804 126
3805 127
3806 126
3807 125
3808 124
3809 125
3810 124
3811 125
3812 124
3813 123
3814 124
3815 125
3816 124
3817 125
3818 126
3819 127
3820 126
3821 127
3822 126
3823 127
3824 128
3825 129
3826 128
3827 127
3828 128
3829 127
3830 126
3831 127
3832 126
3833 125
3834 126
3835 127
3836 126
3837 127
3838 128
3839 127
3840 128
3841 129
3842 128
3843 129
3844 130
3845 129
3846 128
3847 129
3848 130
3849 129
3850 130
3851 131
3852 132
3853 131
3854 132
3855 133
3856 134
3857 133
3858 134
3859 133
3860 132
3861 131
3862 130
3863 129
3864 128
3865 129
3866 130
3867 129
3868 128
3869 129
3870 130
3871 131
3872 130
3873 131
3874 130
3875 129
3876 130
3877 131
3878 130
3879 131
3880 132
3881 131
3882 132
3883 131
3884 130
3885 129
3886 128
3887 129
3888 128
3889 129
3890 128
3891 129
3892 130
3893 129
3894 128
3895 129
3896 128
3897 127
3898 128
3899 127
3900 128
3901 127
3902 128
3903 127
3904 126
3905 125
3906 126
3907 127
3908 126
3909 125
3910 126
3911 127
3912 126
3913 125
3914 124
3915 125
3916 124
3917 123
3918 122
3919 123
3920 124
3921 125
3922 126
3923 127
3924 128
3925 129
3926 128
3927 129
3928 130
3929 129
3930 128
3931 129
3932 130
3933 129
3934 130
3935 131
3936 130
3937 131
3938 132
3939 133
3940 134
3941 133
3942 132
3943 131
3944 132
3945 133
3946 134
3947 133
3948 132
3949 131
3950 132
3951 131
3952 132
3953 133
3954 134
3955 135
3956 134
3957 135
3958 136
3959 135
3960 134
3961 135
3962 136
3963 137
3964 136
3965 137
3966 138
3967 139
3968 138
3969 139
3970 138
3971 137
3972 138
3973 137
3974 138
3975 137
3976 136
3977 135
3978 134
3979 133
3980 134
3981 133
3982 132
3983 131
3984 130
3985 131
3986 130
3987 129
3988 130
3989 131
3990 132
3991 131
3992 132
3993 133
3994 134
3995 135
3996 134
3997 135
3998 134
3999 135
4000 134
4001 133
4002 132
4003 131
4004 132
4005 133
4006 134
4007 133
4008 132
4009 133
4010 132
4011 133
4012 132
4013 133
4014 132
4015 131
4016 130
4017 129
4018 130
4019 129
4020 128
4021 127
4022 126
4023 125
4024 124
4025 123
4026 122
4027 123
4028 124
4029 125
4030 126
4031 125
4032 124
4033 125
4034 124
4035 125
4036 124
4037 125
4038 124
4039 123
4040 124
4041 123
4042 122
4043 123
4044 122
4045 121
4046 120
4047 119
4048 120
4049 121
4050 122
4051 123
4052 122
4053 123
4054 122
4055 123
4056 122
4057 121
4058 120
4059 119
4060 120
4061 121
4062 120
4063 121
4064 120
4065 119
4066 120
4067 121
4068 122
4069 123
4070 122
4071 123
4072 122
4073 121
4074 122
4075 121
4076 122
4077 123
4078 124
4079 123
4080 124
4081 125
4082 124
4083 123
4084 124
4085 123
4086 124
4087 125
4088 126
4089 125
4090 126
4091 127
4092 128
4093 129
4094 130
4095 129
