0 0.000000000000
1 0.995595770130
2 1.488235112474
3 1.698387907510
4 1.785835654358
5 2.207442577821
6 2.328492001275
7 2.871601251915
8 3.020761493399
9 3.131516642839
10 3.207009839301
11 3.280766333401
12 3.477045261425
13 3.262259030852
14 3.208532021716
15 3.923959854216
16 4.067274838190
17 4.531977312319
18 4.143896113563
19 4.499565951289
20 4.282504378281
21 4.546525974577
22 4.818963800380
23 4.707224127272
24 5.033651406720
25 4.415438115295
26 5.076153463438
27 5.388949014824
28 5.214701835616
29 5.410403029119
30 5.874251947057
31 5.707532543435
32 5.452923527797
33 5.435703726290
34 5.970120097986
35 5.899860134730
36 6.209871174187
37 5.626041570234
38 6.672515338124
39 5.636706568334
40 5.500621413759
41 6.684578801241
42 5.488268738865
43 6.449245958831
44 6.862986663072
45 7.189130249898
46 6.512589220838
47 6.433991003598
48 6.578830128478
49 6.514088547861
50 6.490076559641
51 6.595452979136
52 6.326948193047
53 6.461858496932
54 6.906674195117
55 6.793551630039
56 7.441684090942
57 7.565792155320
58 8.043278929485
59 8.188319973253
60 7.352454947159
61 7.624727838381
62 7.919948606999
63 8.241339559463
64 7.448783457720
65 7.894259682674
66 7.446931388792
67 8.129791255584
68 8.020588132075
69 8.424744409142
70 8.272209097900
71 8.423932958208
72 7.727648590249
73 8.550730391866
74 9.259272696026
75 8.500402104460
76 9.016477970915
77 8.526097345064
78 8.347889305649
79 9.052742592027
80 8.488733341907
81 9.323491311433
82 8.463141016158
83 7.771376140001
84 8.975865535388
85 9.136978439287
86 9.419672213478
87 9.278461281376
88 9.889612902403
89 9.591243056006
90 8.869372665774
91 8.251834549814
92 7.633640084357
93 9.730750228014
94 9.365503002208
95 10.357183026015
96 8.263660565240
97 9.362283041545
98 9.399330407501
99 9.440383975738
100 8.506833190882
101 9.024475724904
102 9.337516210662
103 8.657039675172
104 9.500603907614
105 9.573612313770
106 10.468656716002
107 9.153836606002
108 8.870473647691
109 10.195309506705
110 10.203005359176
111 10.109507823702
112 9.134199130192
113 10.112248432439
114 10.553701494470
115 10.248654160883
116 10.105196199697
117 10.428326807307
118 11.309467393930
119 10.343124509034
120 10.110280581542
121 8.570921383339
122 9.406146178829
123 10.784725436207
124 9.991488076577
125 10.066526756409
126 10.580409649885
127 11.126360520741
128 9.388726929641
129 10.931918218570
130 10.635289135703
131 9.659928000993
132 10.116315720162
133 11.006922537658
134 11.630333118080
135 10.513837143706
136 12.221267323809
137 10.799983723946
138 10.414645637274
139 11.274268528795
140 10.265565543968
141 8.565863846542
142 11.264649749743
143 9.667721745582
144 10.635840058500
145 9.611889914807
146 10.383079967398
147 11.886743781809
148 10.247129457042
149 10.415911430955
150 10.398493261496
151 10.841138013949
152 10.366666457329
153 11.785507768415
154 10.671543278153
155 10.215978217356
156 11.439623692866
157 11.368774051651
158 10.697363869197
159 10.962371275613
160 11.381008028729
161 11.824192295354
162 12.174502283846
163 11.005314323515
164 11.886795128945
165 11.947874663905
166 11.599339538714
167 11.564357958832
168 11.529471407549
169 11.813657350711
170 12.342592904628
171 11.885182723012
172 10.287849325782
173 12.449272067073
174 12.895614564649
175 11.449916416180
176 10.499244299442
177 11.529757271269
178 11.715374513860
179 13.286644125187
180 12.712567600607
181 12.017636372614
182 11.620126666693
183 12.014954467636
184 11.354710183857
185 11.629608881402
186 11.675033039969
187 13.434410982157
188 12.630529420317
189 11.577017912658
190 11.866269405730
191 11.712039745493
192 12.665120348323
193 11.665409856039
194 11.333102354800
195 13.515579840965
196 13.032374052240
197 12.311062336751
198 12.262579239678
199 11.788987429350
200 11.892051901901
201 13.529481697390
202 12.823385238866
203 12.454918707081
204 11.803557709834
205 12.708265027139
206 12.052902593878
207 11.669940016984
208 12.855710291904
209 12.788201043833
210 11.606462033604
211 12.979814557131
212 12.351461198984
213 12.485577617295
214 14.234640845487
215 12.491237162882
216 14.028674596607
217 11.661558358958
218 14.198921613982
219 14.380832716132
220 13.179611088249
221 12.237836754815
222 12.598120752095
223 13.221667822177
224 12.711559315614
225 12.290589642080
226 13.503896645390
227 12.461777499117
228 14.206476502264
229 13.097655667499
230 12.978347352417
231 14.145311723324
232 12.847655656164
233 12.886514496146
234 13.720422734012
235 12.455144127403
236 13.195643220397
237 12.631022310541
238 14.725482801932
239 14.804685438654
240 14.635146053251
241 14.206888940207
242 13.864288869588
243 13.128570942795
244 14.802343564450
245 12.709763409973
246 12.728602986360
247 15.252529247227
248 12.788506497535
249 13.739626768948
250 13.096910045288
251 13.460581557250
252 15.914689558706
253 12.391472228286
254 13.523480376160
255 13.596874640887
256 14.033964102758
257 14.335271186831
258 14.922717580923
259 12.433848396112
260 14.796000502142
261 13.932024919565
262 15.869947215078
263 14.208272238383
264 13.470888751304
265 13.129156707854
266 15.311344025244
267 16.620939059944
268 15.169356446468
269 15.607482367742
270 14.981238266579
271 13.835450037291
272 13.292375854578
273 15.065279502365
274 14.689461305218
275 14.412103948917
276 13.847241376895
277 14.724280741665
278 15.235648985193
279 16.504253417207
280 15.238436958478
281 14.391829482709
282 14.126581424194
283 15.979937372765
284 13.737058895898
285 14.462471639989
286 15.647288790215
287 16.169021487381
288 15.882433975445
289 16.059672659724
290 13.819002994066
291 16.146356678346
292 14.979535193369
293 15.720512761497
294 15.909411522743
295 13.550749157680
296 15.213551473522
297 15.673393807261
298 15.604040630054
299 13.833835332257
300 14.028979145304
301 14.743344631986
302 15.508030933600
303 15.952780664746
304 16.743053305308
305 16.752681688315
306 15.560083898794
307 16.258043381950
308 14.688954382779
309 16.961000474895
310 15.446954341795
311 15.915671325772
312 17.590773227302
313 16.471974008429
314 15.350073480586
315 15.425594789485
316 16.079992602902
317 17.114960560866
318 17.105257780870
319 15.501756137915
320 16.665364532467
321 17.634465266471
322 17.033056096896
323 16.254679314258
324 17.309559486289
325 14.600406672418
326 15.259730502207
327 16.797972347876
328 17.392414833772
329 15.196362833237
330 14.237350471120
331 17.629314354489
332 17.003439162692
333 16.755472228779
334 17.678104560709
335 17.250785478041
336 15.796434526500
337 15.165203540919
338 16.666587727678
339 17.500439447607
340 17.990340290000
341 17.364929354431
342 16.806545181491
343 17.156335382301
344 17.133886551491
345 15.784158147887
346 19.765711462261
347 17.266268370366
348 18.437579448981
349 19.128312366343
350 15.715418073802
351 17.291616465791
352 17.504847263954
353 17.322199448973
354 18.465312708901
355 15.337861650178
356 16.044737260236
357 17.185312360778
358 16.844764579833
359 16.715332594657
360 18.489756454589
361 16.803523393548
362 18.781405989369
363 15.897613998943
364 17.085199815465
365 17.371374396907
366 18.886896085646
367 16.187107862046
368 18.300630752449
369 19.058548514627
370 16.822770735951
371 19.362269002818
372 19.823827351432
373 15.955190855467
374 16.525518855319
375 15.558828633207
376 15.156701024217
377 17.040393187952
378 17.295230556428
379 18.309806755875
380 18.879701142613
381 18.116565925625
382 18.444172521423
383 17.048615000565
384 17.476595677774
385 17.397909525554
386 17.562437444284
387 17.622090850336
388 18.490806150879
389 18.608207352117
390 17.670569414637
391 17.252603970126
392 18.325587260372
393 17.763577278644
394 15.863153798583
395 16.260205629369
396 15.503393970656
397 19.176242371340
398 17.380275446879
399 15.737338350540
400 17.410422244575
401 17.108911238007
402 19.337406825487
403 19.194624084623
404 17.647142285916
405 18.895574206924
406 16.213420367091
407 17.738442540144
408 16.774905690868
409 20.411866330872
410 18.267115262132
411 19.566168785368
412 18.423186976182
413 19.125791446042
414 16.563767640169
415 18.402077997046
416 17.246992208335
417 17.642936075364
418 17.364198249829
419 17.711997169998
420 19.088609168821
421 18.769150376599
422 18.419562248802
423 19.836735965123
424 21.002551695791
425 17.788882368983
426 16.292005504522
427 16.816071878935
428 18.290809466437
429 18.963259862412
430 17.188345149676
431 18.996806629257
432 18.560336311187
433 19.656597771168
434 18.433202624188
435 18.024478797943
436 19.089932873360
437 18.703216374046
438 17.824201200545
439 19.181875193461
440 18.430586627601
441 19.143622214314
442 21.113064074392
443 20.826571819433
444 18.204506385353
445 20.943003008165
446 19.356537322294
447 18.615533458311
448 19.425513788250
449 19.904305978465
450 19.301043325103
451 18.276922564740
452 20.165889168036
453 19.176401513318
454 20.417319690875
455 18.351494319265
456 20.248498931634
457 18.717889170523
458 20.208266215524
459 19.420705918153
460 17.704545397563
461 18.775913083240
462 17.426519840462
463 18.787436585056
464 18.346005770586
465 18.526895304108
466 20.618464873748
467 21.986407155544
468 21.114249298460
469 19.218089419542
470 20.593530679788
471 19.096690649167
472 22.562413434737
473 20.527557459045
474 19.940316219596
475 18.847604031663
476 18.046137701389
477 19.873618023887
478 18.704945870010
479 20.577502126109
480 19.325535396448
481 20.990115791427
482 19.160888508561
483 19.440514235740
484 20.641228227370
485 21.581762229658
486 21.123867388277
487 20.315618750960
488 20.328455272106
489 19.763815381588
490 18.777109308527
491 17.750873383002
492 20.722779585519
493 21.011506334328
494 19.837320562752
495 20.715939430409
496 21.324083866239
497 21.485090897163
498 19.508705738961
499 19.868113734307
500 18.637782683554
501 22.172243874662
502 18.719186921028
503 22.327020616495
504 19.749604426418
505 17.996357867201
506 16.898594616121
507 19.063262023703
508 20.046016398215
509 21.874726560791
510 19.169264288422
511 18.557179109023
512 21.837266562862
513 20.573705153666
514 18.700918833960
515 21.401430798766
516 21.817043760269
517 19.946804255319
518 20.667735082430
519 18.902240018960
520 20.581007770743
521 18.353243657032
522 20.137218486161
523 20.950503191675
524 20.190928259602
525 21.920933916008
526 21.522313094496
527 20.975845250773
528 21.608459850470
529 19.781225315940
530 20.301222831088
531 20.751076543986
532 20.485417831960
533 21.301408404141
534 19.144087696989
535 21.508333232436
536 21.154911331355
537 19.042484368840
538 22.150739794361
539 19.401789694752
540 21.441417280581
541 21.157796287657
542 19.857592366885
543 21.790680123263
544 22.695499407578
545 21.376439096292
546 22.138937832682
547 22.114575360141
548 21.255789652469
549 19.951301796108
550 20.366268978617
551 21.357991908402
552 21.349119703383
553 21.385025974674
554 21.342445970413
555 20.868636754709
556 19.198534846034
557 20.422849297723
558 21.107235272754
559 23.553001857181
560 21.335941791010
561 21.484772723591
562 21.998224360161
563 21.052755303270
564 20.486079257861
565 19.471132478621
566 19.889434371278
567 23.718070642445
568 22.365172204443
569 20.475160017308
570 18.114591569626
571 18.707008003353
572 19.273701926135
573 21.299184806877
574 24.575254123495
575 20.070870527957
576 21.184619088799
577 21.290305296293
578 22.398986575499
579 21.737104429624
580 22.903137578452
581 21.971572542720
582 22.303919918929
583 22.251003971380
584 20.170755439497
585 21.919190854919
586 20.081255835667
587 22.467141806147
588 24.604290149281
589 23.272985110155
590 23.104192496980
591 21.777679719942
592 21.028254801576
593 20.737171297877
594 21.150479272052
595 22.700404172820
596 23.883813000388
597 19.005492370217
598 22.936031117818
599 20.627503399209
600 22.577249117959
601 22.796393072356
602 21.163703450720
603 22.999442715735
604 24.355440870573
605 19.118201150589
606 23.795961899750
607 21.846180792861
608 22.640614216699
609 20.359746734903
610 21.817938970890
611 22.819385733064
612 20.633657037335
613 23.408377740405
614 21.737694076189
615 23.972457340404
616 21.612526885105
617 24.123522461231
618 21.664320285610
619 23.253947917504
620 21.715107608241
621 24.001988646451
622 21.787324296480
623 19.917842729181
624 23.739836435502
625 22.897951046095
626 22.740296694415
627 19.397064049747
628 23.427226915226
629 21.126473460078
630 23.791554928955
631 20.934771277411
632 23.626110878314
633 20.670776614810
634 22.364850176952
635 20.872795308352
636 22.718040738585
637 21.780487791542
638 22.059578418456
639 21.676600286945
640 22.861329376468
641 25.404995933071
642 22.495784110237
643 23.498083158193
644 23.358486605180
645 22.744456527567
646 24.278333962610
647 22.581449798452
648 20.640045411999
649 22.478375024676
650 23.505318547086
651 20.869753972181
652 22.583093095278
653 21.618834923221
654 22.189695093880
655 24.181584386419
656 23.777117536812
657 23.576913487761
658 22.621239112488
659 22.801533108749
660 23.274427481882
661 22.479108139212
662 25.509758970527
663 24.228843662758
664 23.242012866991
665 24.447842879984
666 23.283572660985
667 20.973936346317
668 22.064890097166
669 22.649158372884
670 22.669845059021
671 25.505279592849
672 25.132908425757
673 22.044826269090
674 22.124597233269
675 23.916991051081
676 22.387370009394
677 24.440936459146
678 23.253522708600
679 25.457608759465
680 22.621805713736
681 22.746479810072
682 23.190426870532
683 25.318112803633
684 22.750000000000
685 23.864772023843
686 25.730532500016
687 22.681709832760
688 22.594916982310
689 22.344055941961
690 23.204740053220
691 23.362039981760
692 21.785122279537
693 25.622846708309
694 22.390875783662
695 24.923119091205
696 24.083493277295
697 24.938811838929
698 23.010904132267
699 23.624333447938
700 26.420576734810
701 23.719717536261
702 23.937821269058
703 27.112162140587
704 24.661769621407
705 20.023326240912
706 24.152343434114
707 23.386005931700
708 26.949442683245
709 24.393897922623
710 24.692518279519
711 22.142097031164
712 27.612394607087
713 26.215378954919
714 24.720700578854
715 25.396768487534
716 25.139124605632
717 25.050398418738
718 24.875230644345
719 22.775998194371
720 25.676776958957
721 25.024982634547
722 25.488005566038
723 25.063961148180
724 24.981238076992
725 24.314327534141
726 25.965647377834
727 23.777286956253
728 25.642100810666
729 22.979525533614
730 25.577681158336
731 24.383887602459
732 22.217447878511
733 23.369646571127
734 27.158061468639
735 26.061656910824
736 24.536245510469
737 24.282672698024
738 21.717822597106
739 25.819758172945
740 26.092603829618
741 23.122550545950
742 23.684443857929
743 22.162662153947
744 25.579971871320
745 22.998301567725
746 27.048278595874
747 25.845695966640
748 23.787388333947
749 25.829854751515
750 24.155663802719
751 23.964634588024
752 26.227073321284
753 25.951878544722
754 25.294804771682
755 24.967708637546
756 26.259294299531
757 25.515577158559
758 24.882335405552
759 24.696591482619
760 26.177238256439
761 24.999042950431
762 22.852447899514
763 24.469189012664
764 28.026803402892
765 23.361496559176
766 24.058441216130
767 22.631942779717
768 24.519105274000
769 28.002162304901
770 25.842805303169
771 24.242020070724
772 24.864392956784
773 25.843008415902
774 25.254002622109
775 24.959889698274
776 24.618336661927
777 21.935491138435
778 22.433212508187
779 22.052355803505
780 26.895736004697
781 26.618763941062
782 26.846746594967
783 26.270230299714
784 26.153393661244
785 25.839649765428
786 25.172975806160
787 25.106161314257
788 26.656799525403
789 26.417171373169
790 27.091118672685
791 23.565810236641
792 24.413466242719
793 30.141787335027
794 25.842502992889
795 20.894119004743
796 24.979987106870
797 24.722083174449
798 26.434895705062
799 24.520081056147
800 25.468558281487
801 26.733329355647
802 26.131802344079
803 27.438407587495
804 24.001988646451
805 24.813031323027
806 26.255877318231
807 22.443325975875
808 26.453674130449
809 25.914103717558
810 26.096944976556
811 26.397645602579
812 25.928683554307
813 27.177579907147
814 26.485176979008
815 26.213735180424
816 26.423159341937
817 24.200935988808
818 25.209047854887
819 27.765229316258
820 25.317510113741
821 26.462011206811
822 27.171830074718
823 25.681525879207
824 29.952419951274
825 26.723514743281
826 25.011359723821
827 25.935462081085
828 24.915619316756
829 26.594718512035
830 25.984628681864
831 25.717093468827
832 24.926527778842
833 26.191303423083
834 24.601809352922
835 24.129002056330
836 24.778979049476
837 25.442293582426
838 25.514835604752
839 25.360352145376
840 25.184044234085
841 25.358349678903
842 25.069415348937
843 27.917830743765
844 25.474251706380
845 25.174372354390
846 28.238274495521
847 26.929233070216
848 25.345074526116
849 26.791731467003
850 26.895772313867
851 23.285292224586
852 25.423272280285
853 23.693966589290
854 25.211585103628
855 26.053838301378
856 27.063420163340
857 28.802258042719
858 26.260693506408
859 25.755531679804
860 27.398922017743
861 26.422641916723
862 25.901023862183
863 28.284754617108
864 26.840270983810
865 28.853241091503
866 25.466463662715
867 25.069824366158
868 26.300472310398
869 28.262679503797
870 28.035674121332
871 23.451995517439
872 23.747404257821
873 26.898204916581
874 27.333904477487
875 25.567847851354
876 24.935341189452
877 25.956351394878
878 28.403959444228
879 26.779476859330
880 27.653477968422
881 25.511060522534
882 28.072794430006
883 26.748758732883
884 26.618543818173
885 26.864855461818
886 26.320622076318
887 24.270202401492
888 22.626704873611
889 26.851134025167
890 27.100683044609
891 24.074139838930
892 26.295788747618
893 24.899308944979
894 25.659918091926
895 28.998514071576
896 27.336369539670
897 27.863957839553
898 24.798878502868
899 31.165996469510
900 24.195795573560
901 25.913241668112
902 28.060690364815
903 26.927981932137
904 27.496905898380
905 28.101096613111
906 28.455896350482
907 23.500742799098
908 25.717800711521
909 29.310097016376
910 28.555178048112
911 28.449499528770
912 26.565293970705
913 28.892948797836
914 27.588347963576
915 29.010399367888
916 29.710776237072
917 30.327621872437
918 27.379133356616
919 26.239130003858
920 27.743519619172
921 28.250000000000
922 26.724245597105
923 22.518216367185
924 25.032166805932
925 26.227296729743
926 30.429858993419
927 28.629089329900
928 32.538975277494
929 29.074728610083
930 27.135060778216
931 29.473434642223
932 29.579272296819
933 26.515307341939
934 24.448846470744
935 30.682789862560
936 27.300979943207
937 26.032314466531
938 28.709580112471
939 27.357300214020
940 26.239711525425
941 26.266642789620
942 28.958040597291
943 27.195899385006
944 30.013957527863
945 24.363057972061
946 28.147976725690
947 27.282019605410
948 25.241717198110
949 27.780173453551
950 23.435036328847
951 26.197785681415
952 29.124492853685
953 27.678239845364
954 27.710976044870
955 29.710907712646
956 26.108654987080
957 27.032672469798
958 30.351054733526
959 32.713720363175
960 26.588622265630
961 30.746379360016
962 30.470015999339
963 29.839671678143
964 28.554288856656
965 27.443901410138
966 31.273580946773
967 29.813609616405
968 29.989544890418
969 28.210546980473
970 29.235803011622
971 28.709057123798
972 30.698063355039
973 30.921172301263
974 27.100863217052
975 27.021530044346
976 28.725902774924
977 29.153419610742
978 30.120574752775
979 28.047671471978
980 30.371077421619
981 28.402481013714
982 29.065620632190
983 26.958228683465
984 30.161026176176
985 27.508077648893
986 31.287914499851
987 28.900134488225
988 26.613095196491
989 25.509323509993
990 26.445625228949
991 29.287619371289
992 30.157136483084
993 31.239107476647
994 26.978995736267
995 28.804686440534
996 30.708750279847
997 30.756462100468
998 27.689153273157
999 29.193973452367
1000 28.153596573085
1001 27.762696806765
1002 27.797186795609
1003 27.670988304540
1004 28.175748485788
1005 29.809613166047
1006 29.240545847921
1007 28.471061068379
1008 32.040730304372
1009 28.654034810782
1010 27.776868854487
1011 30.754810980357
1012 27.228413002035
1013 28.805614517562
1014 32.662420918150
1015 31.136038297436
1016 30.677697008576
1017 29.755017795061
1018 28.109283803354
1019 31.171804511198
1020 28.148874415496
1021 26.443040199644
1022 32.393560678590
1023 29.568375308078
