0 0
1 -1
2 0
3 1
4 0
5 -1
6 -2
7 -3
8 -4
9 -3
10 -2
11 -3
12 -4
13 -3
14 -2
15 -3
16 -2
17 -1
18 0
19 -1
20 0
21 -1
22 0
23 -1
24 -2
25 -1
26 0
27 -1
28 -2
29 -1
30 -2
31 -3
32 -2
33 -3
34 -4
35 -5
36 -6
37 -7
38 -8
39 -9
40 -10
41 -11
42 -10
43 -11
44 -12
45 -11
46 -10
47 -9
48 -10
49 -9
50 -10
51 -11
52 -10
53 -11
54 -12
55 -13
56 -14
57 -15
58 -16
59 -15
60 -14
61 -13
62 -14
63 -15
64 -16
65 -17
66 -16
67 -17
68 -16
69 -15
70 -14
71 -15
72 -16
73 -15
74 -14
75 -15
76 -14
77 -15
78 -14
79 -15
80 -16
81 -17
82 -16
83 -17
84 -18
85 -19
86 -18
87 -17
88 -18
89 -19
90 -20
91 -21
92 -22
93 -23
94 -22
95 -23
96 -22
97 -23
98 -24
99 -25
100 -26
101 -27
102 -26
103 -25
104 -26
105 -27
106 -28
107 -29
108 -30
109 -31
110 -32
111 -33
112 -34
113 -35
114 -36
115 -35
116 -36
117 -35
118 -36
119 -37
120 -38
121 -39
122 -40
123 -41
124 -40
125 -41
126 -42
127 -41
128 -40
129 -41
130 -42
131 -43
132 -44
133 -45
134 -46
135 -45
136 -44
137 -45
138 -44
139 -45
140 -46
141 -47
142 -46
143 -47
144 -48
145 -49
146 -50
147 -51
148 -50
149 -51
150 -52
151 -53
152 -54
153 -53
154 -54
155 -55
156 -56
157 -55
158 -54
159 -55
160 -56
161 -57
162 -58
163 -59
164 -60
165 -59
166 -60
167 -61
168 -62
169 -63
170 -64
171 -63
172 -64
173 -65
174 -66
175 -67
176 -68
177 -67
178 -68
179 -69
180 -68
181 -67
182 -68
183 -69
184 -68
185 -69
186 -70
187 -69
188 -70
189 -71
190 -70
191 -71
192 -72
193 -73
194 -74
195 -75
196 -76
197 -77
198 -78
199 -79
200 -80
201 -79
202 -80
203 -81
204 -82
205 -81
206 -82
207 -81
208 -80
209 -81
210 -82
211 -81
212 -82
213 -83
214 -84
215 -83
216 -84
217 -85
218 -84
219 -85
220 -84
221 -83
222 -84
223 -85
224 -86
225 -87
226 -88
227 -89
228 -90
229 -91
230 -92
231 -91
232 -92
233 -91
234 -90
235 -91
236 -90
237 -91
238 -92
239 -93
240 -94
241 -95
242 -96
243 -97
244 -96
245 -97
246 -98
247 -99
248 -100
249 -101
250 -102
251 -103
252 -104
253 -103
254 -102
255 -103
256 -104
257 -103
258 -104
259 -105
260 -106
261 -107
262 -108
263 -109
264 -110
265 -111
266 -112
267 -111
268 -112
269 -111
270 -112
271 -113
272 -114
273 -113
274 -112
275 -113
276 -114
277 -115
278 -116
279 -115
280 -114
281 -115
282 -114
283 -115
284 -116
285 -117
286 -118
287 -119
288 -120
289 -121
290 -120
291 -121
292 -120
293 -121
294 -122
295 -123
296 -124
297 -123
298 -122
299 -121
300 -122
301 -123
302 -124
303 -123
304 -124
305 -125
306 -124
307 -123
308 -124
309 -123
310 -124
311 -125
312 -126
313 -127
314 -128
315 -127
316 -126
317 -125
318 -126
319 -125
320 -126
321 -127
322 -128
323 -129
324 -130
325 -129
326 -130
327 -129
328 -130
329 -131
330 -130
331 -129
332 -130
333 -129
334 -128
335 -127
336 -126
337 -127
338 -128
339 -127
340 -128
341 -127
342 -126
343 -125
344 -124
345 -125
346 -124
347 -125
348 -124
349 -123
350 -124
351 -125
352 -124
353 -125
354 -126
355 -127
356 -126
357 -125
358 -126
359 -127
360 -126
361 -125
362 -124
363 -123
364 -122
365 -121
366 -122
367 -121
368 -120
369 -119
370 -120
371 -119
372 -118
373 -117
374 -116
375 -115
376 -114
377 -115
378 -114
379 -113
380 -112
381 -113
382 -112
383 -111
384 -110
385 -109
386 -110
387 -109
388 -108
389 -109
390 -108
391 -107
392 -106
393 -105
394 -104
395 -103
396 -102
397 -101
398 -100
399 -99
400 -100
401 -99
402 -98
403 -99
404 -98
405 -97
406 -96
407 -95
408 -94
409 -93
410 -94
411 -93
412 -92
413 -91
414 -90
415 -91
416 -90
417 -89
418 -88
419 -89
420 -88
421 -87
422 -86
423 -85
424 -84
425 -83
426 -82
427 -83
428 -84
429 -83
430 -82
431 -83
432 -82
433 -81
434 -80
435 -79
436 -78
437 -77
438 -76
439 -75
440 -74
441 -73
442 -72
443 -71
444 -72
445 -71
446 -70
447 -69
448 -68
449 -67
450 -66
451 -67
452 -66
453 -65
454 -64
455 -63
456 -64
457 -63
458 -62
459 -61
460 -60
461 -59
462 -58
463 -57
464 -56
465 -55
466 -54
467 -53
468 -52
469 -53
470 -52
471 -53
472 -52
473 -51
474 -50
475 -49
476 -50
477 -49
478 -48
479 -47
480 -46
481 -45
482 -44
483 -43
484 -44
485 -43
486 -44
487 -43
488 -42
489 -41
490 -40
491 -39
492 -38
493 -37
494 -36
495 -35
496 -34
497 -33
498 -32
499 -33
500 -32
501 -31
502 -30
503 -31
504 -32
505 -31
506 -30
507 -31
508 -30
509 -31
510 -30
511 -29
512 -28
513 -29
514 -28
515 -27
516 -26
517 -25
518 -24
519 -23
520 -24
521 -23
522 -22
523 -21
524 -22
525 -23
526 -24
527 -23
528 -22
529 -21
530 -22
531 -21
532 -20
533 -19
534 -18
535 -17
536 -18
537 -19
538 -18
539 -17
540 -16
541 -15
542 -16
543 -15
544 -14
545 -13
546 -12
547 -13
548 -14
549 -15
550 -14
551 -15
552 -14
553 -13
554 -14
555 -13
556 -14
557 -15
558 -14
559 -13
560 -12
561 -11
562 -12
563 -11
564 -10
565 -9
566 -10
567 -9
568 -8
569 -7
570 -6
571 -7
572 -8
573 -7
574 -6
575 -5
576 -6
577 -5
578 -6
579 -7
580 -6
581 -5
582 -4
583 -3
584 -2
585 -1
586 0
587 1
588 2
589 1
590 2
591 3
592 4
593 5
594 4
595 5
596 6
597 5
598 6
599 5
600 4
601 3
602 4
603 5
604 6
605 5
606 4
607 3
608 4
609 3
610 2
611 1
612 2
613 1
614 0
615 1
616 2
617 3
618 2
619 1
620 0
621 1
622 0
623 1
624 2
625 1
626 0
627 -1
628 0
629 1
630 0
631 -1
632 -2
633 -1
634 0
635 1
636 0
637 1
638 2
639 3
640 2
641 1
642 0
643 -1
644 -2
645 -3
646 -2
647 -1
648 -2
649 -1
650 -2
651 -3
652 -2
653 -3
654 -4
655 -5
656 -4
657 -3
658 -4
659 -3
660 -2
661 -3
662 -2
663 -1
664 -2
665 -3
666 -2
667 -3
668 -4
669 -3
670 -4
671 -5
672 -4
673 -5
674 -6
675 -7
676 -8
677 -9
678 -10
679 -11
680 -12
681 -11
682 -12
683 -11
684 -12
685 -13
686 -14
687 -15
688 -16
689 -17
690 -16
691 -17
692 -16
693 -17
694 -16
695 -17
696 -16
697 -17
698 -16
699 -17
700 -18
701 -19
702 -20
703 -21
704 -22
705 -23
706 -24
707 -23
708 -24
709 -23
710 -24
711 -25
712 -26
713 -27
714 -28
715 -27
716 -26
717 -27
718 -26
719 -27
720 -28
721 -27
722 -28
723 -29
724 -30
725 -31
726 -30
727 -31
728 -32
729 -33
730 -34
731 -35
732 -36
733 -37
734 -38
735 -39
736 -40
737 -41
738 -42
739 -43
740 -42
741 -43
742 -42
743 -43
744 -42
745 -43
746 -44
747 -45
748 -46
749 -47
750 -46
751 -45
752 -46
753 -47
754 -48
755 -49
756 -50
757 -51
758 -50
759 -51
760 -52
761 -53
762 -54
763 -55
764 -56
765 -57
766 -58
767 -57
768 -58
769 -59
770 -60
771 -61
772 -60
773 -61
774 -62
775 -63
776 -64
777 -65
778 -66
779 -65
780 -64
781 -65
782 -66
783 -65
784 -64
785 -65
786 -66
787 -67
788 -68
789 -69
790 -70
791 -71
792 -72
793 -73
794 -74
795 -75
796 -74
797 -73
798 -74
799 -75
800 -76
801 -77
802 -78
803 -79
804 -80
805 -81
806 -82
807 -83
808 -84
809 -85
810 -86
811 -87
812 -88
813 -89
814 -90
815 -89
816 -90
817 -91
818 -92
819 -93
820 -94
821 -93
822 -94
823 -95
824 -96
825 -97
826 -98
827 -99
828 -98
829 -99
830 -98
831 -99
832 -100
833 -99
834 -98
835 -99
836 -100
837 -101
838 -102
839 -101
840 -102
841 -103
842 -104
843 -103
844 -104
845 -105
846 -106
847 -107
848 -108
849 -109
850 -108
851 -109
852 -110
853 -111
854 -110
855 -111
856 -112
857 -113
858 -112
859 -113
860 -114
861 -113
862 -114
863 -115
864 -114
865 -113
866 -112
867 -111
868 -112
869 -111
870 -110
871 -111
872 -112
873 -113
874 -114
875 -115
876 -116
877 -117
878 -118
879 -119
880 -120
881 -119
882 -120
883 -121
884 -122
885 -121
886 -122
887 -123
888 -124
889 -123
890 -122
891 -123
892 -122
893 -121
894 -120
895 -121
896 -120
897 -119
898 -120
899 -119
900 -120
901 -121
902 -122
903 -123
904 -122
905 -121
906 -122
907 -123
908 -124
909 -125
910 -124
911 -125
912 -126
913 -125
914 -124
915 -125
916 -124
917 -123
918 -122
919 -121
920 -120
921 -121
922 -120
923 -119
924 -120
925 -119
926 -120
927 -119
928 -120
929 -119
930 -118
931 -117
932 -118
933 -119
934 -118
935 -117
936 -116
937 -117
938 -118
939 -117
940 -118
941 -117
942 -118
943 -119
944 -118
945 -119
946 -118
947 -119
948 -120
949 -119
950 -120
951 -121
952 -120
953 -121
954 -120
955 -119
956 -118
957 -119
958 -118
959 -119
960 -118
961 -119
962 -120
963 -121
964 -122
965 -123
966 -122
967 -123
968 -124
969 -125
970 -126
971 -125
972 -126
973 -125
974 -124
975 -123
976 -122
977 -121
978 -122
979 -121
980 -120
981 -121
982 -122
983 -123
984 -124
985 -125
986 -126
987 -127
988 -128
989 -129
990 -130
991 -131
992 -130
993 -131
994 -132
995 -131
996 -132
997 -133
998 -134
999 -133
1000 -134
1001 -133
1002 -132
1003 -131
1004 -132
1005 -131
1006 -132
1007 -131
1008 -130
1009 -129
1010 -128
1011 -129
1012 -128
1013 -129
1014 -128
1015 -129
1016 -130
1017 -129
1018 -130
1019 -131
1020 -130
1021 -131
1022 -130
1023 -129
1024 -128
1025 -127
1026 -126
1027 -125
1028 -124
1029 -123
1030 -124
1031 -123
1032 -122
1033 -123
1034 -122
1035 -121
1036 -120
1037 -121
1038 -120
1039 -119
1040 -118
1041 -117
1042 -116
1043 -115
1044 -114
1045 -113
1046 -112
1047 -111
1048 -110
1049 -109
1050 -108
1051 -107
1052 -106
1053 -107
1054 -108
1055 -109
1056 -108
1057 -107
1058 -108
1059 -107
1060 -106
1061 -105
1062 -104
1063 -103
1064 -102
1065 -101
1066 -102
1067 -101
1068 -100
1069 -99
1070 -98
1071 -97
1072 -96
1073 -95
1074 -94
1075 -93
1076 -92
1077 -93
1078 -92
1079 -93
1080 -92
1081 -91
1082 -90
1083 -91
1084 -92
1085 -91
1086 -90
1087 -89
1088 -88
1089 -87
1090 -86
1091 -85
1092 -84
1093 -85
1094 -84
1095 -85
1096 -84
1097 -83
1098 -82
1099 -83
1100 -82
1101 -81
1102 -80
1103 -79
1104 -78
1105 -79
1106 -78
1107 -77
1108 -78
1109 -77
1110 -76
1111 -75
1112 -76
1113 -75
1114 -74
1115 -73
1116 -72
1117 -73
1118 -72
1119 -71
1120 -70
1121 -69
1122 -68
1123 -67
1124 -66
1125 -65
1126 -64
1127 -63
1128 -64
1129 -63
1130 -62
1131 -63
1132 -64
1133 -63
1134 -64
1135 -63
1136 -62
1137 -61
1138 -60
1139 -59
1140 -58
1141 -57
1142 -58
1143 -57
1144 -58
1145 -57
1146 -58
1147 -57
1148 -58
1149 -57
1150 -56
1151 -55
1152 -56
1153 -55
1154 -56
1155 -55
1156 -54
1157 -53
1158 -52
1159 -51
1160 -50
1161 -51
1162 -50
1163 -49
1164 -48
1165 -49
1166 -48
1167 -47
1168 -46
1169 -47
1170 -46
1171 -47
1172 -46
1173 -45
1174 -46
1175 -45
1176 -44
1177 -45
1178 -46
1179 -45
1180 -46
1181 -45
1182 -44
1183 -43
1184 -42
1185 -41
1186 -40
1187 -39
1188 -40
1189 -41
1190 -40
1191 -39
1192 -38
1193 -37
1194 -36
1195 -35
1196 -34
1197 -33
1198 -32
1199 -31
1200 -30
1201 -29
1202 -30
1203 -29
1204 -30
1205 -31
1206 -32
1207 -31
1208 -30
1209 -31
1210 -30
1211 -29
1212 -28
1213 -29
1214 -28
1215 -29
1216 -28
1217 -27
1218 -28
1219 -29
1220 -28
1221 -27
1222 -28
1223 -29
1224 -30
1225 -29
1226 -30
1227 -29
1228 -28
1229 -29
1230 -28
1231 -29
1232 -28
1233 -27
1234 -26
1235 -25
1236 -26
1237 -25
1238 -24
1239 -23
1240 -24
1241 -25
1242 -26
1243 -27
1244 -28
1245 -29
1246 -30
1247 -31
1248 -32
1249 -33
1250 -34
1251 -33
1252 -32
1253 -33
1254 -34
1255 -35
1256 -34
1257 -35
1258 -34
1259 -35
1260 -36
1261 -37
1262 -36
1263 -35
1264 -36
1265 -37
1266 -36
1267 -37
1268 -38
1269 -39
1270 -40
1271 -41
1272 -42
1273 -43
1274 -42
1275 -43
1276 -44
1277 -43
1278 -44
1279 -45
1280 -46
1281 -45
1282 -46
1283 -47
1284 -48
1285 -47
1286 -48
1287 -49
1288 -50
1289 -49
1290 -50
1291 -51
1292 -52
1293 -53
1294 -54
1295 -53
1296 -52
1297 -53
1298 -54
1299 -53
1300 -54
1301 -55
1302 -56
1303 -57
1304 -58
1305 -59
1306 -60
1307 -59
1308 -58
1309 -57
1310 -58
1311 -59
1312 -58
1313 -57
1314 -58
1315 -59
1316 -60
1317 -61
1318 -62
1319 -61
1320 -62
1321 -61
1322 -62
1323 -63
1324 -64
1325 -63
1326 -64
1327 -63
1328 -62
1329 -63
1330 -62
1331 -61
1332 -62
1333 -63
1334 -62
1335 -63
1336 -64
1337 -65
1338 -66
1339 -67
1340 -68
1341 -69
1342 -70
1343 -71
1344 -72
1345 -73
1346 -74
1347 -75
1348 -76
1349 -77
1350 -76
1351 -75
1352 -76
1353 -75
1354 -76
1355 -77
1356 -78
1357 -77
1358 -78
1359 -79
1360 -80
1361 -81
1362 -82
1363 -83
1364 -84
1365 -85
1366 -84
1367 -83
1368 -84
1369 -83
1370 -84
1371 -85
1372 -86
1373 -87
1374 -88
1375 -87
1376 -88
1377 -87
1378 -86
1379 -87
1380 -88
1381 -89
1382 -90
1383 -91
1384 -92
1385 -93
1386 -92
1387 -93
1388 -94
1389 -95
1390 -96
1391 -97
1392 -98
1393 -99
1394 -100
1395 -101
1396 -102
1397 -103
1398 -102
1399 -101
1400 -100
1401 -99
1402 -100
1403 -101
1404 -102
1405 -103
1406 -104
1407 -103
1408 -104
1409 -103
1410 -104
1411 -103
1412 -104
1413 -105
1414 -106
1415 -107
1416 -108
1417 -107
1418 -108
1419 -109
1420 -110
1421 -111
1422 -112
1423 -113
1424 -114
1425 -115
1426 -114
1427 -115
1428 -116
1429 -115
1430 -116
1431 -117
1432 -116
1433 -117
1434 -116
1435 -117
1436 -118
1437 -117
1438 -118
1439 -119
1440 -118
1441 -119
1442 -120
1443 -121
1444 -122
1445 -123
1446 -124
1447 -123
1448 -124
1449 -125
1450 -126
1451 -127
1452 -128
1453 -129
1454 -130
1455 -131
1456 -130
1457 -131
1458 -130
1459 -131
1460 -130
1461 -131
1462 -132
1463 -131
1464 -130
1465 -129
1466 -128
1467 -129
1468 -128
1469 -127
1470 -128
1471 -127
1472 -128
1473 -129
1474 -130
1475 -131
1476 -132
1477 -131
1478 -130
1479 -131
1480 -132
1481 -133
1482 -132
1483 -133
1484 -132
1485 -133
1486 -132
1487 -131
1488 -132
1489 -133
1490 -134
1491 -135
1492 -136
1493 -137
1494 -138
1495 -139
1496 -140
1497 -141
1498 -142
1499 -141
1500 -140
1501 -141
1502 -140
1503 -141
1504 -142
1505 -143
1506 -144
1507 -145
1508 -146
1509 -147
1510 -146
1511 -147
1512 -148
1513 -149
1514 -150
1515 -151
1516 -150
1517 -151
1518 -152
1519 -153
1520 -152
1521 -153
1522 -154
1523 -153
1524 -152
1525 -153
1526 -152
1527 -151
1528 -152
1529 -153
1530 -152
1531 -153
1532 -152
1533 -153
1534 -152
1535 -153
1536 -154
1537 -155
1538 -156
1539 -157
1540 -158
1541 -159
1542 -160
1543 -161
1544 -160
1545 -159
1546 -160
1547 -159
1548 -158
1549 -157
1550 -156
1551 -155
1552 -156
1553 -157
1554 -156
1555 -155
1556 -154
1557 -153
1558 -152
1559 -153
1560 -152
1561 -153
1562 -152
1563 -153
1564 -152
1565 -151
1566 -150
1567 -151
1568 -150
1569 -151
1570 -150
1571 -151
1572 -152
1573 -153
1574 -152
1575 -153
1576 -154
1577 -155
1578 -156
1579 -155
1580 -154
1581 -155
1582 -154
1583 -153
1584 -154
1585 -155
1586 -154
1587 -155
1588 -154
1589 -155
1590 -154
1591 -153
1592 -154
1593 -153
1594 -154
1595 -155
1596 -156
1597 -155
1598 -156
1599 -157
1600 -156
1601 -155
1602 -154
1603 -155
1604 -156
1605 -157
1606 -156
1607 -157
1608 -158
1609 -157
1610 -158
1611 -159
1612 -158
1613 -157
1614 -156
1615 -157
1616 -158
1617 -157
1618 -158
1619 -157
1620 -156
1621 -155
1622 -154
1623 -153
1624 -152
1625 -151
1626 -150
1627 -149
1628 -150
1629 -151
1630 -150
1631 -151
1632 -152
1633 -151
1634 -152
1635 -153
1636 -152
1637 -151
1638 -150
1639 -151
1640 -150
1641 -149
1642 -150
1643 -149
1644 -148
1645 -149
1646 -148
1647 -147
1648 -146
1649 -145
1650 -144
1651 -143
1652 -142
1653 -141
1654 -140
1655 -139
1656 -138
1657 -137
1658 -136
1659 -135
1660 -136
1661 -135
1662 -136
1663 -137
1664 -136
1665 -135
1666 -134
1667 -133
1668 -134
1669 -133
1670 -132
1671 -131
1672 -130
1673 -131
1674 -132
1675 -131
1676 -130
1677 -129
1678 -130
1679 -129
1680 -128
1681 -127
1682 -126
1683 -125
1684 -124
1685 -123
1686 -122
1687 -123
1688 -122
1689 -121
1690 -120
1691 -119
1692 -118
1693 -119
1694 -118
1695 -117
1696 -116
1697 -115
1698 -116
1699 -115
1700 -114
1701 -115
1702 -116
1703 -117
1704 -116
1705 -115
1706 -114
1707 -113
1708 -112
1709 -111
1710 -110
1711 -109
1712 -108
1713 -109
1714 -108
1715 -107
1716 -106
1717 -105
1718 -104
1719 -103
1720 -102
1721 -101
1722 -102
1723 -101
1724 -100
1725 -99
1726 -98
1727 -97
1728 -96
1729 -97
1730 -96
1731 -95
1732 -94
1733 -93
1734 -92
1735 -91
1736 -90
1737 -91
1738 -92
1739 -91
1740 -92
1741 -91
1742 -90
1743 -89
1744 -88
1745 -89
1746 -88
1747 -89
1748 -88
1749 -87
1750 -86
1751 -85
1752 -84
1753 -85
1754 -84
1755 -85
1756 -84
1757 -83
1758 -82
1759 -81
1760 -80
1761 -81
1762 -80
1763 -79
1764 -80
1765 -79
1766 -78
1767 -77
1768 -76
1769 -75
1770 -74
1771 -73
1772 -72
1773 -71
1774 -70
1775 -69
1776 -68
1777 -67
1778 -66
1779 -65
1780 -64
1781 -63
1782 -62
1783 -63
1784 -62
1785 -63
1786 -62
1787 -63
1788 -62
1789 -61
1790 -60
1791 -59
1792 -58
1793 -57
1794 -58
1795 -59
1796 -58
1797 -57
1798 -56
1799 -55
1800 -56
1801 -55
1802 -54
1803 -55
1804 -54
1805 -55
1806 -54
1807 -53
1808 -52
1809 -51
1810 -52
1811 -51
1812 -50
1813 -49
1814 -48
1815 -47
1816 -46
1817 -47
1818 -46
1819 -45
1820 -44
1821 -43
1822 -42
1823 -41
1824 -40
1825 -41
1826 -40
1827 -41
1828 -40
1829 -39
1830 -38
1831 -37
1832 -36
1833 -35
1834 -34
1835 -33
1836 -32
1837 -31
1838 -32
1839 -31
1840 -32
1841 -31
1842 -32
1843 -31
1844 -32
1845 -31
1846 -30
1847 -29
1848 -30
1849 -29
1850 -28
1851 -27
1852 -26
1853 -25
1854 -24
1855 -25
1856 -24
1857 -23
1858 -22
1859 -21
1860 -22
1861 -21
1862 -22
1863 -23
1864 -24
1865 -25
1866 -24
1867 -23
1868 -22
1869 -23
1870 -24
1871 -23
1872 -22
1873 -23
1874 -22
1875 -21
1876 -22
1877 -23
1878 -22
1879 -23
1880 -22
1881 -23
1882 -24
1883 -23
1884 -22
1885 -23
1886 -22
1887 -23
1888 -22
1889 -21
1890 -20
1891 -21
1892 -22
1893 -23
1894 -24
1895 -25
1896 -26
1897 -27
1898 -28
1899 -29
1900 -30
1901 -31
1902 -32
1903 -31
1904 -30
1905 -29
1906 -30
1907 -29
1908 -28
1909 -27
1910 -28
1911 -27
1912 -26
1913 -27
1914 -28
1915 -29
1916 -30
1917 -31
1918 -30
1919 -31
1920 -30
1921 -29
1922 -28
1923 -27
1924 -26
1925 -25
1926 -26
1927 -27
1928 -26
1929 -27
1930 -28
1931 -29
1932 -30
1933 -31
1934 -30
1935 -31
1936 -32
1937 -33
1938 -34
1939 -35
1940 -34
1941 -35
1942 -34
1943 -33
1944 -32
1945 -33
1946 -34
1947 -35
1948 -36
1949 -35
1950 -36
1951 -35
1952 -36
1953 -37
1954 -36
1955 -37
1956 -38
1957 -37
1958 -38
1959 -37
1960 -38
1961 -37
1962 -38
1963 -39
1964 -40
1965 -39
1966 -38
1967 -39
1968 -40
1969 -41
1970 -42
1971 -41
1972 -42
1973 -43
1974 -44
1975 -45
1976 -46
1977 -47
1978 -48
1979 -49
1980 -50
1981 -49
1982 -50
1983 -51
1984 -52
1985 -53
1986 -54
1987 -55
1988 -56
1989 -55
1990 -56
1991 -57
1992 -56
1993 -57
1994 -56
1995 -57
1996 -58
1997 -57
1998 -58
1999 -59
2000 -60
2001 -61
2002 -62
2003 -63
2004 -64
2005 -65
2006 -64
2007 -65
2008 -66
2009 -67
2010 -68
2011 -69
2012 -70
2013 -71
2014 -72
2015 -73
2016 -74
2017 -75
2018 -76
2019 -75
2020 -76
2021 -77
2022 -78
2023 -79
2024 -80
2025 -81
2026 -82
2027 -83
2028 -82
2029 -83
2030 -84
2031 -85
2032 -86
2033 -87
2034 -88
2035 -89
2036 -90
2037 -91
2038 -92
2039 -91
2040 -92
2041 -93
2042 -92
2043 -91
2044 -92
2045 -93
2046 -94
2047 -93
2048 -94
2049 -93
2050 -94
2051 -93
2052 -94
2053 -93
2054 -94
2055 -95
2056 -96
2057 -97
2058 -96
2059 -95
2060 -94
2061 -95
2062 -96
2063 -97
2064 -98
2065 -99
2066 -100
2067 -101
2068 -102
2069 -101
2070 -102
2071 -101
2072 -100
2073 -101
2074 -102
2075 -103
2076 -104
2077 -103
2078 -104
2079 -103
2080 -104
2081 -103
2082 -104
2083 -105
2084 -104
2085 -103
2086 -104
2087 -103
2088 -104
2089 -105
2090 -104
2091 -105
2092 -106
2093 -105
2094 -104
2095 -105
2096 -106
2097 -107
2098 -108
2099 -109
2100 -110
2101 -111
2102 -112
2103 -113
2104 -112
2105 -113
2106 -114
2107 -115
2108 -116
2109 -117
2110 -118
2111 -117
2112 -118
2113 -117
2114 -118
2115 -119
2116 -118
2117 -119
2118 -118
2119 -119
2120 -120
2121 -119
2122 -118
2123 -117
2124 -118
2125 -119
2126 -120
2127 -121
2128 -120
2129 -121
2130 -120
2131 -121
2132 -120
2133 -121
2134 -122
2135 -121
2136 -122
2137 -123
2138 -124
2139 -125
2140 -124
2141 -125
2142 -126
2143 -127
2144 -128
2145 -129
2146 -130
2147 -129
2148 -130
2149 -131
2150 -132
2151 -131
2152 -130
2153 -131
2154 -132
2155 -133
2156 -134
2157 -133
2158 -134
2159 -135
2160 -136
2161 -137
2162 -138
2163 -139
2164 -140
2165 -139
2166 -140
2167 -139
2168 -140
2169 -141
2170 -142
2171 -141
2172 -140
2173 -141
2174 -140
2175 -139
2176 -140
2177 -141
2178 -140
2179 -141
2180 -142
2181 -141
2182 -140
2183 -139
2184 -138
2185 -139
2186 -140
2187 -141
2188 -142
2189 -141
2190 -140
2191 -139
2192 -138
2193 -139
2194 -138
2195 -139
2196 -138
2197 -137
2198 -136
2199 -137
2200 -138
2201 -137
2202 -136
2203 -135
2204 -136
2205 -135
2206 -134
2207 -133
2208 -134
2209 -135
2210 -134
2211 -135
2212 -136
2213 -135
2214 -136
2215 -137
2216 -138
2217 -137
2218 -136
2219 -137
2220 -138
2221 -139
2222 -140
2223 -141
2224 -140
2225 -139
2226 -138
2227 -137
2228 -136
2229 -135
2230 -134
2231 -135
2232 -134
2233 -133
2234 -134
2235 -133
2236 -132
2237 -131
2238 -132
2239 -131
2240 -130
2241 -131
2242 -130
2243 -129
2244 -128
2245 -129
2246 -128
2247 -127
2248 -126
2249 -125
2250 -126
2251 -127
2252 -126
2253 -127
2254 -126
2255 -125
2256 -126
2257 -127
2258 -128
2259 -127
2260 -126
2261 -125
2262 -126
2263 -125
2264 -124
2265 -125
2266 -124
2267 -123
2268 -122
2269 -123
2270 -124
2271 -123
2272 -124
2273 -123
2274 -122
2275 -123
2276 -124
2277 -123
2278 -122
2279 -123
2280 -122
2281 -123
2282 -122
2283 -121
2284 -120
2285 -119
2286 -118
2287 -117
2288 -118
2289 -117
2290 -116
2291 -117
2292 -116
2293 -115
2294 -114
2295 -115
2296 -114
2297 -113
2298 -112
2299 -111
2300 -110
2301 -109
2302 -110
2303 -109
2304 -108
2305 -107
2306 -106
2307 -105
2308 -106
2309 -105
2310 -104
2311 -103
2312 -102
2313 -101
2314 -100
2315 -99
2316 -100
2317 -101
2318 -102
2319 -101
2320 -100
2321 -99
2322 -98
2323 -97
2324 -96
2325 -95
2326 -94
2327 -95
2328 -94
2329 -95
2330 -94
2331 -93
2332 -92
2333 -91
2334 -90
2335 -89
2336 -90
2337 -89
2338 -90
2339 -91
2340 -90
2341 -91
2342 -92
2343 -91
2344 -90
2345 -89
2346 -88
2347 -87
2348 -88
2349 -87
2350 -86
2351 -85
2352 -84
2353 -83
2354 -82
2355 -81
2356 -80
2357 -79
2358 -78
2359 -77
2360 -76
2361 -77
2362 -76
2363 -75
2364 -74
2365 -73
2366 -74
2367 -73
2368 -72
2369 -71
2370 -72
2371 -71
2372 -70
2373 -69
2374 -70
2375 -69
2376 -68
2377 -67
2378 -66
2379 -65
2380 -64
2381 -65
2382 -64
2383 -63
2384 -62
2385 -61
2386 -62
2387 -61
2388 -60
2389 -59
2390 -58
2391 -57
2392 -56
2393 -57
2394 -58
2395 -57
2396 -56
2397 -55
2398 -54
2399 -53
2400 -52
2401 -51
2402 -50
2403 -49
2404 -48
2405 -47
2406 -46
2407 -45
2408 -46
2409 -45
2410 -44
2411 -43
2412 -42
2413 -41
2414 -40
2415 -39
2416 -40
2417 -39
2418 -38
2419 -37
2420 -38
2421 -39
2422 -38
2423 -37
2424 -38
2425 -39
2426 -38
2427 -39
2428 -38
2429 -37
2430 -36
2431 -35
2432 -36
2433 -37
2434 -36
2435 -35
2436 -34
2437 -33
2438 -32
2439 -33
2440 -34
2441 -35
2442 -36
2443 -37
2444 -36
2445 -35
2446 -34
2447 -33
2448 -32
2449 -33
2450 -34
2451 -33
2452 -34
2453 -35
2454 -34
2455 -33
2456 -34
2457 -33
2458 -32
2459 -31
2460 -30
2461 -29
2462 -30
2463 -29
2464 -30
2465 -31
2466 -30
2467 -31
2468 -30
2469 -29
2470 -30
2471 -29
2472 -28
2473 -29
2474 -28
2475 -29
2476 -30
2477 -29
2478 -28
2479 -27
2480 -26
2481 -27
2482 -28
2483 -29
2484 -28
2485 -27
2486 -26
2487 -25
2488 -24
2489 -25
2490 -26
2491 -25
2492 -26
2493 -25
2494 -26
2495 -27
2496 -26
2497 -25
2498 -26
2499 -27
2500 -28
2501 -27
2502 -26
2503 -25
2504 -24
2505 -23
2506 -22
2507 -21
2508 -22
2509 -21
2510 -20
2511 -21
2512 -20
2513 -19
2514 -20
2515 -21
2516 -22
2517 -23
2518 -24
2519 -25
2520 -26
2521 -27
2522 -26
2523 -25
2524 -24
2525 -25
2526 -26
2527 -27
2528 -26
2529 -27
2530 -28
2531 -29
2532 -30
2533 -31
2534 -32
2535 -31
2536 -30
2537 -31
2538 -30
2539 -31
2540 -30
2541 -31
2542 -32
2543 -31
2544 -32
2545 -31
2546 -32
2547 -31
2548 -30
2549 -31
2550 -30
2551 -31
2552 -32
2553 -31
2554 -32
2555 -33
2556 -32
2557 -33
2558 -34
2559 -33
2560 -34
2561 -33
2562 -34
2563 -35
2564 -36
2565 -37
2566 -38
2567 -37
2568 -38
2569 -39
2570 -40
2571 -41
2572 -42
2573 -43
2574 -42
2575 -43
2576 -44
2577 -45
2578 -44
2579 -45
2580 -46
2581 -47
2582 -46
2583 -47
2584 -48
2585 -47
2586 -46
2587 -45
2588 -46
2589 -47
2590 -48
2591 -49
2592 -50
2593 -51
2594 -52
2595 -53
2596 -52
2597 -51
2598 -52
2599 -53
2600 -54
2601 -55
2602 -56
2603 -57
2604 -58
2605 -57
2606 -58
2607 -59
2608 -58
2609 -59
2610 -58
2611 -59
2612 -60
2613 -61
2614 -60
2615 -61
2616 -62
2617 -63
2618 -64
2619 -65
2620 -66
2621 -67
2622 -68
2623 -69
2624 -70
2625 -71
2626 -70
2627 -71
2628 -72
2629 -73
2630 -74
2631 -73
2632 -72
2633 -73
2634 -74
2635 -75
2636 -76
2637 -77
2638 -78
2639 -79
2640 -80
2641 -81
2642 -82
2643 -81
2644 -82
2645 -83
2646 -84
2647 -85
2648 -86
2649 -87
2650 -88
2651 -89
2652 -90
2653 -89
2654 -90
2655 -91
2656 -92
2657 -93
2658 -92
2659 -91
2660 -92
2661 -93
2662 -92
2663 -93
2664 -92
2665 -93
2666 -94
2667 -95
2668 -96
2669 -97
2670 -96
2671 -97
2672 -98
2673 -99
2674 -100
2675 -101
2676 -102
2677 -103
2678 -104
2679 -105
2680 -106
2681 -105
2682 -106
2683 -107
2684 -106
2685 -107
2686 -108
2687 -109
2688 -110
2689 -111
2690 -112
2691 -113
2692 -114
2693 -115
2694 -116
2695 -117
2696 -118
2697 -119
2698 -120
2699 -121
2700 -122
2701 -123
2702 -124
2703 -125
2704 -126
2705 -127
2706 -126
2707 -125
2708 -126
2709 -127
2710 -128
2711 -129
2712 -130
2713 -131
2714 -132
2715 -131
2716 -130
2717 -131
2718 -132
2719 -133
2720 -134
2721 -135
2722 -136
2723 -137
2724 -136
2725 -135
2726 -136
2727 -137
2728 -138
2729 -137
2730 -138
2731 -139
2732 -138
2733 -139
2734 -140
2735 -141
2736 -142
2737 -143
2738 -144
2739 -143
2740 -144
2741 -145
2742 -146
2743 -147
2744 -148
2745 -147
2746 -148
2747 -149
2748 -150
2749 -151
2750 -152
2751 -153
2752 -154
2753 -155
2754 -156
2755 -157
2756 -158
2757 -159
2758 -160
2759 -159
2760 -160
2761 -161
2762 -162
2763 -161
2764 -162
2765 -163
2766 -164
2767 -163
2768 -164
2769 -165
2770 -164
2771 -165
2772 -164
2773 -165
2774 -164
2775 -165
2776 -166
2777 -167
2778 -168
2779 -169
2780 -168
2781 -167
2782 -168
2783 -169
2784 -170
2785 -171
2786 -172
2787 -173
2788 -174
2789 -175
2790 -176
2791 -177
2792 -178
2793 -177
2794 -178
2795 -179
2796 -178
2797 -177
2798 -178
2799 -179
2800 -178
2801 -177
2802 -176
2803 -175
2804 -176
2805 -177
2806 -176
2807 -177
2808 -176
2809 -177
2810 -178
2811 -177
2812 -178
2813 -177
2814 -176
2815 -175
2816 -176
2817 -177
2818 -176
2819 -177
2820 -178
2821 -177
2822 -176
2823 -175
2824 -174
2825 -175
2826 -174
2827 -173
2828 -174
2829 -173
2830 -172
2831 -173
2832 -172
2833 -173
2834 -174
2835 -173
2836 -172
2837 -171
2838 -172
2839 -171
2840 -172
2841 -173
2842 -174
2843 -175
2844 -176
2845 -177
2846 -176
2847 -177
2848 -176
2849 -175
2850 -174
2851 -175
2852 -174
2853 -173
2854 -172
2855 -173
2856 -174
2857 -173
2858 -172
2859 -171
2860 -170
2861 -169
2862 -170
2863 -171
2864 -170
2865 -171
2866 -172
2867 -171
2868 -172
2869 -173
2870 -172
2871 -173
2872 -172
2873 -171
2874 -170
2875 -169
2876 -170
2877 -169
2878 -170
2879 -169
2880 -170
2881 -171
2882 -170
2883 -169
2884 -170
2885 -169
2886 -168
2887 -169
2888 -168
2889 -167
2890 -168
2891 -167
2892 -168
2893 -169
2894 -168
2895 -169
2896 -170
2897 -169
2898 -168
2899 -169
2900 -170
2901 -169
2902 -168
2903 -167
2904 -166
2905 -167
2906 -166
2907 -165
2908 -164
2909 -163
2910 -164
2911 -163
2912 -162
2913 -163
2914 -164
2915 -163
2916 -162
2917 -161
2918 -160
2919 -159
2920 -158
2921 -157
2922 -156
2923 -155
2924 -154
2925 -153
2926 -152
2927 -151
2928 -150
2929 -149
2930 -148
2931 -147
2932 -146
2933 -145
2934 -144
2935 -143
2936 -142
2937 -143
2938 -142
2939 -143
2940 -144
2941 -145
2942 -144
2943 -143
2944 -144
2945 -143
2946 -142
2947 -141
2948 -140
2949 -139
2950 -138
2951 -137
2952 -136
2953 -135
2954 -134
2955 -133
2956 -132
2957 -131
2958 -130
2959 -129
2960 -128
2961 -127
2962 -126
2963 -125
2964 -124
2965 -123
2966 -122
2967 -121
2968 -120
2969 -119
2970 -118
2971 -117
2972 -116
2973 -115
2974 -114
2975 -113
2976 -114
2977 -113
2978 -112
2979 -111
2980 -110
2981 -109
2982 -108
2983 -107
2984 -108
2985 -109
2986 -108
2987 -107
2988 -108
2989 -107
2990 -106
2991 -105
2992 -104
2993 -105
2994 -104
2995 -103
2996 -102
2997 -101
2998 -100
2999 -99
3000 -98
3001 -97
3002 -96
3003 -97
3004 -96
3005 -95
3006 -94
3007 -93
3008 -92
3009 -93
3010 -92
3011 -93
3012 -92
3013 -91
3014 -90
3015 -89
3016 -88
3017 -87
3018 -86
3019 -85
3020 -84
3021 -85
3022 -84
3023 -85
3024 -86
3025 -85
3026 -84
3027 -83
3028 -82
3029 -83
3030 -82
3031 -81
3032 -80
3033 -79
3034 -78
3035 -79
3036 -78
3037 -79
3038 -78
3039 -77
3040 -78
3041 -77
3042 -76
3043 -75
3044 -74
3045 -75
3046 -76
3047 -75
3048 -74
3049 -75
3050 -74
3051 -73
3052 -74
3053 -73
3054 -72
3055 -71
3056 -70
3057 -71
3058 -70
3059 -69
3060 -70
3061 -71
3062 -72
3063 -71
3064 -70
3065 -69
3066 -68
3067 -67
3068 -66
3069 -65
3070 -66
3071 -65
3072 -64
3073 -65
3074 -64
3075 -65
3076 -66
3077 -65
3078 -64
3079 -65
3080 -64
3081 -63
3082 -62
3083 -61
3084 -60
3085 -59
3086 -60
3087 -59
3088 -58
3089 -59
3090 -58
3091 -57
3092 -58
3093 -57
3094 -58
3095 -59
3096 -60
3097 -59
3098 -58
3099 -57
3100 -58
3101 -57
3102 -56
3103 -55
3104 -54
3105 -55
3106 -54
3107 -53
3108 -52
3109 -53
3110 -54
3111 -55
3112 -56
3113 -57
3114 -56
3115 -57
3116 -56
3117 -57
3118 -56
3119 -57
3120 -58
3121 -59
3122 -58
3123 -59
3124 -60
3125 -61
3126 -60
3127 -59
3128 -60
3129 -61
3130 -62
3131 -61
3132 -60
3133 -59
3134 -60
3135 -59
3136 -60
3137 -59
3138 -58
3139 -57
3140 -58
3141 -57
3142 -56
3143 -55
3144 -54
3145 -53
3146 -52
3147 -51
3148 -52
3149 -53
3150 -52
3151 -53
3152 -54
3153 -53
3154 -52
3155 -51
3156 -50
3157 -51
3158 -52
3159 -51
3160 -52
3161 -53
3162 -54
3163 -55
3164 -56
3165 -55
3166 -54
3167 -55
3168 -56
3169 -57
3170 -58
3171 -57
3172 -56
3173 -57
3174 -58
3175 -57
3176 -56
3177 -55
3178 -56
3179 -57
3180 -56
3181 -57
3182 -58
3183 -59
3184 -58
3185 -57
3186 -58
3187 -59
3188 -60
3189 -61
3190 -62
3191 -63
3192 -62
3193 -61
3194 -62
3195 -63
3196 -64
3197 -65
3198 -66
3199 -65
3200 -66
3201 -65
3202 -66
3203 -67
3204 -66
3205 -65
3206 -64
3207 -63
3208 -64
3209 -65
3210 -64
3211 -65
3212 -66
3213 -67
3214 -66
3215 -65
3216 -66
3217 -67
3218 -68
3219 -69
3220 -70
3221 -71
3222 -72
3223 -73
3224 -74
3225 -73
3226 -74
3227 -75
3228 -74
3229 -73
3230 -74
3231 -75
3232 -76
3233 -77
3234 -78
3235 -79
3236 -78
3237 -79
3238 -80
3239 -81
3240 -82
3241 -83
3242 -82
3243 -83
3244 -84
3245 -83
3246 -84
3247 -85
3248 -84
3249 -85
3250 -86
3251 -87
3252 -88
3253 -89
3254 -90
3255 -91
3256 -92
3257 -93
3258 -94
3259 -95
3260 -96
3261 -97
3262 -98
3263 -99
3264 -100
3265 -101
3266 -100
3267 -101
3268 -100
3269 -101
3270 -100
3271 -101
3272 -100
3273 -101
3274 -100
3275 -101
3276 -102
3277 -103
3278 -102
3279 -103
3280 -102
3281 -103
3282 -102
3283 -103
3284 -104
3285 -105
3286 -106
3287 -107
3288 -108
3289 -109
3290 -110
3291 -109
3292 -110
3293 -109
3294 -110
3295 -109
3296 -110
3297 -111
3298 -112
3299 -113
3300 -114
3301 -115
3302 -116
3303 -117
3304 -118
3305 -119
3306 -120
3307 -121
3308 -122
3309 -123
3310 -124
3311 -125
3312 -126
3313 -127
3314 -128
3315 -127
3316 -128
3317 -129
3318 -130
3319 -131
3320 -130
3321 -131
3322 -132
3323 -133
3324 -134
3325 -135
3326 -136
3327 -137
3328 -136
3329 -137
3330 -138
3331 -139
3332 -140
3333 -141
3334 -140
3335 -139
3336 -140
3337 -141
3338 -142
3339 -143
3340 -144
3341 -143
3342 -144
3343 -145
3344 -144
3345 -143
3346 -144
3347 -145
3348 -144
3349 -145
3350 -146
3351 -147
3352 -146
3353 -147
3354 -146
3355 -147
3356 -148
3357 -147
3358 -146
3359 -147
3360 -148
3361 -147
3362 -146
3363 -147
3364 -148
3365 -149
3366 -148
3367 -149
3368 -150
3369 -151
3370 -152
3371 -153
3372 -154
3373 -155
3374 -154
3375 -155
3376 -156
3377 -157
3378 -156
3379 -157
3380 -156
3381 -155
3382 -154
3383 -155
3384 -156
3385 -155
3386 -156
3387 -157
3388 -158
3389 -159
3390 -160
3391 -159
3392 -160
3393 -161
3394 -162
3395 -161
3396 -160
3397 -159
3398 -160
3399 -161
3400 -162
3401 -163
3402 -162
3403 -163
3404 -162
3405 -163
3406 -162
3407 -163
3408 -164
3409 -165
3410 -166
3411 -167
3412 -168
3413 -169
3414 -168
3415 -169
3416 -170
3417 -171
3418 -172
3419 -171
3420 -170
3421 -169
3422 -168
3423 -169
3424 -168
3425 -167
3426 -166
3427 -165
3428 -164
3429 -165
3430 -164
3431 -163
3432 -162
3433 -161
3434 -160
3435 -159
3436 -160
3437 -161
3438 -160
3439 -159
3440 -158
3441 -159
3442 -160
3443 -161
3444 -160
3445 -161
3446 -160
3447 -159
3448 -158
3449 -157
3450 -158
3451 -157
3452 -156
3453 -155
3454 -154
3455 -155
3456 -154
3457 -153
3458 -154
3459 -155
3460 -156
3461 -157
3462 -158
3463 -157
3464 -156
3465 -155
3466 -154
3467 -153
3468 -154
3469 -153
3470 -152
3471 -153
3472 -152
3473 -151
3474 -150
3475 -151
3476 -150
3477 -151
3478 -152
3479 -153
3480 -154
3481 -155
3482 -156
3483 -155
3484 -156
3485 -155
3486 -156
3487 -157
3488 -156
3489 -155
3490 -156
3491 -155
3492 -154
3493 -153
3494 -152
3495 -153
3496 -154
3497 -155
3498 -156
3499 -155
3500 -154
3501 -153
3502 -152
3503 -151
3504 -150
3505 -149
3506 -150
3507 -151
3508 -150
3509 -151
3510 -150
3511 -149
3512 -148
3513 -147
3514 -146
3515 -145
3516 -144
3517 -145
3518 -144
3519 -145
3520 -144
3521 -145
3522 -144
3523 -145
3524 -144
3525 -143
3526 -142
3527 -143
3528 -142
3529 -141
3530 -140
3531 -139
3532 -138
3533 -137
3534 -136
3535 -135
3536 -134
3537 -135
3538 -136
3539 -135
3540 -136
3541 -135
3542 -134
3543 -133
3544 -132
3545 -131
3546 -130
3547 -131
3548 -130
3549 -129
3550 -128
3551 -127
3552 -126
3553 -127
3554 -128
3555 -129
3556 -128
3557 -127
3558 -126
3559 -125
3560 -126
3561 -127
3562 -126
3563 -125
3564 -124
3565 -123
3566 -122
3567 -121
3568 -120
3569 -119
3570 -120
3571 -119
3572 -118
3573 -117
3574 -116
3575 -115
3576 -114
3577 -113
3578 -112
3579 -111
3580 -110
3581 -111
3582 -112
3583 -111
3584 -110
3585 -111
3586 -112
3587 -113
3588 -112
3589 -111
3590 -110
3591 -109
3592 -108
3593 -107
3594 -106
3595 -105
3596 -106
3597 -105
3598 -104
3599 -103
3600 -102
3601 -101
3602 -100
3603 -99
3604 -100
3605 -99
3606 -98
3607 -99
3608 -98
3609 -99
3610 -98
3611 -97
3612 -96
3613 -95
3614 -94
3615 -93
3616 -92
3617 -91
3618 -90
3619 -89
3620 -88
3621 -89
3622 -88
3623 -87
3624 -86
3625 -85
3626 -84
3627 -83
3628 -82
3629 -81
3630 -80
3631 -79
3632 -80
3633 -79
3634 -78
3635 -77
3636 -76
3637 -75
3638 -74
3639 -75
3640 -74
3641 -73
3642 -72
3643 -71
3644 -70
3645 -71
3646 -70
3647 -69
3648 -68
3649 -69
3650 -68
3651 -67
3652 -66
3653 -67
3654 -66
3655 -65
3656 -66
3657 -65
3658 -64
3659 -63
3660 -62
3661 -61
3662 -60
3663 -59
3664 -58
3665 -57
3666 -56
3667 -57
3668 -56
3669 -57
3670 -58
3671 -57
3672 -56
3673 -55
3674 -56
3675 -55
3676 -54
3677 -53
3678 -52
3679 -53
3680 -52
3681 -53
3682 -52
3683 -51
3684 -50
3685 -49
3686 -50
3687 -49
3688 -48
3689 -47
3690 -46
3691 -45
3692 -44
3693 -43
3694 -42
3695 -41
3696 -40
3697 -39
3698 -38
3699 -37
3700 -36
3701 -37
3702 -36
3703 -37
3704 -36
3705 -37
3706 -36
3707 -37
3708 -36
3709 -37
3710 -36
3711 -35
3712 -34
3713 -33
3714 -32
3715 -31
3716 -30
3717 -31
3718 -30
3719 -29
3720 -28
3721 -27
3722 -28
3723 -27
3724 -26
3725 -25
3726 -26
3727 -25
3728 -26
3729 -27
3730 -28
3731 -27
3732 -28
3733 -29
3734 -28
3735 -29
3736 -30
3737 -29
3738 -30
3739 -29
3740 -30
3741 -29
3742 -28
3743 -27
3744 -26
3745 -25
3746 -24
3747 -25
3748 -24
3749 -23
3750 -22
3751 -23
3752 -22
3753 -23
3754 -22
3755 -23
3756 -22
3757 -23
3758 -22
3759 -21
3760 -22
3761 -21
3762 -20
3763 -19
3764 -20
3765 -21
3766 -20
3767 -21
3768 -22
3769 -23
3770 -24
3771 -25
3772 -24
3773 -23
3774 -24
3775 -23
3776 -24
3777 -25
3778 -24
3779 -23
3780 -24
3781 -23
3782 -24
3783 -23
3784 -22
3785 -21
3786 -22
3787 -23
3788 -22
3789 -21
3790 -22
3791 -23
3792 -22
3793 -23
3794 -24
3795 -23
3796 -22
3797 -21
3798 -22
3799 -21
3800 -22
3801 -21
3802 -22
3803 -23
3804 -24
3805 -25
3806 -26
3807 -25
3808 -24
3809 -25
3810 -24
3811 -25
3812 -26
3813 -27
3814 -28
3815 -27
3816 -28
3817 -29
3818 -30
3819 -31
3820 -32
3821 -31
3822 -32
3823 -33
3824 -32
3825 -31
3826 -32
3827 -33
3828 -32
3829 -33
3830 -34
3831 -33
3832 -34
3833 -33
3834 -32
3835 -33
3836 -34
3837 -35
3838 -36
3839 -37
3840 -36
3841 -37
3842 -38
3843 -39
3844 -40
3845 -41
3846 -40
3847 -39
3848 -38
3849 -39
3850 -40
3851 -41
3852 -42
3853 -43
3854 -44
3855 -45
3856 -46
3857 -47
3858 -48
3859 -49
3860 -50
3861 -51
3862 -50
3863 -51
3864 -52
3865 -53
3866 -54
3867 -55
3868 -56
3869 -57
3870 -56
3871 -57
3872 -58
3873 -59
3874 -60
3875 -59
3876 -60
3877 -61
3878 -62
3879 -63
3880 -64
3881 -65
3882 -66
3883 -67
3884 -68
3885 -69
3886 -70
3887 -71
3888 -70
3889 -71
3890 -72
3891 -73
3892 -74
3893 -75
3894 -76
3895 -77
3896 -78
3897 -79
3898 -80
3899 -81
3900 -82
3901 -81
3902 -82
3903 -83
3904 -84
3905 -85
3906 -86
3907 -87
3908 -88
3909 -87
3910 -88
3911 -89
3912 -90
3913 -89
3914 -88
3915 -89
3916 -90
3917 -91
3918 -92
3919 -93
3920 -94
3921 -95
3922 -94
3923 -95
3924 -96
3925 -97
3926 -98
3927 -99
3928 -100
3929 -101
3930 -102
3931 -101
3932 -102
3933 -103
3934 -104
3935 -105
3936 -106
3937 -107
3938 -108
3939 -109
3940 -110
3941 -109
3942 -110
3943 -111
3944 -110
3945 -111
3946 -112
3947 -113
3948 -114
3949 -115
3950 -116
3951 -115
3952 -116
3953 -117
3954 -118
3955 -119
3956 -120
3957 -121
3958 -122
3959 -123
3960 -124
3961 -125
3962 -126
3963 -127
3964 -126
3965 -127
3966 -128
3967 -129
3968 -130
3969 -131
3970 -132
3971 -133
3972 -134
3973 -135
3974 -136
3975 -135
3976 -136
3977 -137
3978 -138
3979 -137
3980 -138
3981 -139
3982 -138
3983 -139
3984 -140
3985 -141
3986 -142
3987 -141
3988 -140
3989 -139
3990 -140
3991 -141
3992 -140
3993 -141
3994 -142
3995 -141
3996 -142
3997 -143
3998 -144
3999 -145
4000 -146
4001 -145
4002 -146
4003 -147
4004 -146
4005 -145
4006 -146
4007 -147
4008 -148
4009 -149
4010 -150
4011 -149
4012 -150
4013 -151
4014 -152
4015 -153
4016 -154
4017 -155
4018 -156
4019 -157
4020 -158
4021 -159
4022 -160
4023 -161
4024 -160
4025 -161
4026 -162
4027 -161
4028 -162
4029 -163
4030 -162
4031 -161
4032 -160
4033 -161
4034 -162
4035 -161
4036 -162
4037 -163
4038 -162
4039 -163
4040 -162
4041 -163
4042 -162
4043 -161
4044 -162
4045 -163
4046 -164
4047 -165
4048 -164
4049 -165
4050 -164
4051 -163
4052 -162
4053 -161
4054 -162
4055 -161
4056 -162
4057 -163
4058 -164
4059 -165
4060 -166
4061 -167
4062 -168
4063 -169
4064 -168
4065 -167
4066 -166
4067 -167
4068 -168
4069 -167
4070 -168
4071 -169
4072 -170
4073 -171
4074 -172
4075 -171
4076 -170
4077 -171
4078 -170
4079 -171
4080 -170
4081 -171
4082 -172
4083 -171
4084 -170
4085 -169
4086 -170
4087 -169
4088 -168
4089 -167
4090 -168
4091 -169
4092 -170
4093 -169
4094 -170
4095 -171
