0 0.000000000000
1 -0.093750000000
2 -0.312500000000
3 -0.421875000000
4 -0.171875000000
5 -0.046875000000
6 -0.125000000000
7 -0.062500000000
8 -0.250000000000
9 -0.078125000000
10 -0.609375000000
11 0.546875000000
12 -0.312500000000
13 -0.328125000000
14 -0.546875000000
15 -0.406250000000
16 -0.859375000000
17 -0.765625000000
18 -0.625000000000
19 -1.437500000000
20 -0.812500000000
21 -1.281250000000
22 -1.390625000000
23 -1.828125000000
24 -1.921875000000
25 -1.937500000000
26 -2.671875000000
27 -2.578125000000
28 -2.296875000000
29 -2.593750000000
30 -1.656250000000
31 -2.546875000000
32 -3.125000000000
33 -2.625000000000
34 -3.328125000000
35 -3.640625000000
36 -3.500000000000
37 -3.187500000000
38 -4.406250000000
39 -4.406250000000
40 -4.656250000000
41 -4.562500000000
42 -5.062500000000
43 -5.468750000000
44 -4.843750000000
45 -5.937500000000
46 -6.234375000000
47 -5.796875000000
48 -5.984375000000
49 -7.640625000000
50 -8.062500000000
51 -8.000000000000
52 -7.468750000000
53 -6.703125000000
54 -7.781250000000
55 -7.812500000000
56 -9.609375000000
57 -9.906250000000
58 -9.343750000000
59 -9.328125000000
60 -9.437500000000
61 -11.140625000000
62 -9.156250000000
63 -11.546875000000
64 -12.125000000000
65 -11.343750000000
66 -11.890625000000
67 -13.015625000000
68 -13.328125000000
69 -12.765625000000
70 -13.265625000000
71 -13.078125000000
72 -16.046875000000
73 -14.796875000000
74 -15.515625000000
75 -16.656250000000
76 -17.125000000000
77 -16.656250000000
78 -16.984375000000
79 -16.781250000000
80 -17.562500000000
81 -19.203125000000
82 -18.984375000000
83 -19.109375000000
84 -19.609375000000
85 -21.625000000000
86 -20.859375000000
87 -21.812500000000
88 -20.734375000000
89 -22.265625000000
90 -22.421875000000
91 -23.531250000000
92 -23.593750000000
93 -23.000000000000
94 -23.921875000000
95 -25.796875000000
96 -25.156250000000
97 -26.312500000000
98 -26.609375000000
99 -25.640625000000
100 -28.093750000000
101 -28.609375000000
102 -28.171875000000
103 -28.343750000000
104 -29.859375000000
105 -30.953125000000
106 -30.468750000000
107 -32.140625000000
108 -30.953125000000
109 -33.656250000000
110 -32.234375000000
111 -33.218750000000
112 -33.937500000000
113 -33.765625000000
114 -34.296875000000
115 -33.609375000000
116 -38.203125000000
117 -36.000000000000
118 -35.953125000000
119 -38.140625000000
120 -37.531250000000
121 -38.734375000000
122 -38.843750000000
123 -39.953125000000
124 -42.671875000000
125 -40.593750000000
126 -42.765625000000
127 -41.718750000000
128 -43.734375000000
129 -43.656250000000
130 -43.375000000000
131 -45.171875000000
132 -45.312500000000
133 -45.312500000000
134 -45.781250000000
135 -47.421875000000
136 -46.125000000000
137 -46.218750000000
138 -49.187500000000
139 -49.484375000000
140 -49.343750000000
141 -49.968750000000
142 -51.328125000000
143 -51.812500000000
144 -52.062500000000
145 -53.453125000000
146 -51.359375000000
147 -53.546875000000
148 -54.390625000000
149 -55.093750000000
150 -56.390625000000
151 -56.468750000000
152 -55.531250000000
153 -56.734375000000
154 -58.343750000000
155 -58.093750000000
156 -57.796875000000
157 -59.968750000000
158 -61.437500000000
159 -62.671875000000
160 -62.187500000000
161 -64.031250000000
162 -61.984375000000
163 -61.734375000000
164 -64.718750000000
165 -65.171875000000
166 -65.453125000000
167 -66.625000000000
168 -66.906250000000
169 -65.750000000000
170 -66.359375000000
171 -69.765625000000
172 -69.687500000000
173 -69.125000000000
174 -69.875000000000
175 -68.843750000000
176 -70.484375000000
177 -71.953125000000
178 -72.250000000000
179 -72.390625000000
180 -73.625000000000
181 -72.671875000000
182 -73.687500000000
183 -75.484375000000
184 -76.734375000000
185 -73.953125000000
186 -76.921875000000
187 -77.281250000000
188 -78.531250000000
189 -79.812500000000
190 -76.640625000000
191 -79.875000000000
192 -81.531250000000
193 -83.109375000000
194 -82.171875000000
195 -81.281250000000
196 -80.531250000000
197 -81.984375000000
198 -83.359375000000
199 -84.140625000000
200 -83.281250000000
201 -85.875000000000
202 -85.828125000000
203 -86.500000000000
204 -86.140625000000
205 -90.500000000000
206 -87.406250000000
207 -88.250000000000
208 -89.890625000000
209 -89.843750000000
210 -89.593750000000
211 -87.843750000000
212 -91.437500000000
213 -92.218750000000
214 -91.250000000000
215 -90.984375000000
216 -92.906250000000
217 -92.265625000000
218 -93.875000000000
219 -93.640625000000
220 -94.218750000000
221 -96.218750000000
222 -98.078125000000
223 -95.250000000000
224 -98.796875000000
225 -99.062500000000
226 -96.859375000000
227 -97.718750000000
228 -99.859375000000
229 -98.671875000000
230 -98.000000000000
231 -99.687500000000
232 -101.015625000000
233 -99.984375000000
234 -100.250000000000
235 -103.296875000000
236 -101.750000000000
237 -100.140625000000
238 -102.312500000000
239 -101.906250000000
240 -104.000000000000
241 -104.734375000000
242 -103.984375000000
243 -104.875000000000
244 -105.125000000000
245 -105.156250000000
246 -106.671875000000
247 -106.781250000000
248 -105.718750000000
249 -106.812500000000
250 -109.953125000000
251 -107.984375000000
252 -109.687500000000
253 -110.671875000000
254 -107.421875000000
255 -108.750000000000
256 -110.218750000000
257 -110.500000000000
258 -110.000000000000
259 -111.156250000000
260 -111.515625000000
261 -110.765625000000
262 -112.859375000000
263 -113.250000000000
264 -112.187500000000
265 -111.984375000000
266 -112.984375000000
267 -115.296875000000
268 -112.625000000000
269 -115.015625000000
270 -114.500000000000
271 -114.453125000000
272 -112.984375000000
273 -112.921875000000
274 -114.531250000000
275 -113.796875000000
276 -112.562500000000
277 -116.265625000000
278 -116.500000000000
279 -114.484375000000
280 -114.593750000000
281 -116.015625000000
282 -116.953125000000
283 -116.718750000000
284 -117.890625000000
285 -116.843750000000
286 -115.921875000000
287 -117.984375000000
288 -117.828125000000
289 -117.156250000000
290 -119.187500000000
291 -121.671875000000
292 -118.140625000000
293 -117.578125000000
294 -120.375000000000
295 -121.953125000000
296 -119.781250000000
297 -117.468750000000
298 -117.671875000000
299 -119.500000000000
300 -122.984375000000
301 -119.906250000000
302 -119.968750000000
303 -120.093750000000
304 -118.671875000000
305 -120.312500000000
306 -121.093750000000
307 -119.140625000000
308 -118.515625000000
309 -120.109375000000
310 -120.281250000000
311 -121.437500000000
312 -120.953125000000
313 -120.546875000000
314 -120.984375000000
315 -118.859375000000
316 -119.609375000000
317 -118.625000000000
318 -121.187500000000
319 -120.265625000000
320 -120.125000000000
321 -120.296875000000
322 -123.250000000000
323 -118.640625000000
324 -117.359375000000
325 -119.125000000000
326 -116.625000000000
327 -119.625000000000
328 -118.437500000000
329 -120.265625000000
330 -119.781250000000
331 -118.140625000000
332 -121.265625000000
333 -119.640625000000
334 -115.484375000000
335 -118.640625000000
336 -119.312500000000
337 -117.281250000000
338 -120.078125000000
339 -118.484375000000
340 -119.812500000000
341 -118.578125000000
342 -115.406250000000
343 -118.312500000000
344 -119.234375000000
345 -118.218750000000
346 -117.359375000000
347 -115.968750000000
348 -114.656250000000
349 -114.328125000000
350 -117.296875000000
351 -116.000000000000
352 -114.546875000000
353 -115.562500000000
354 -113.531250000000
355 -112.750000000000
356 -115.937500000000
357 -116.406250000000
358 -117.562500000000
359 -113.187500000000
360 -114.062500000000
361 -115.281250000000
362 -111.093750000000
363 -112.515625000000
364 -115.953125000000
365 -114.218750000000
366 -113.687500000000
367 -112.406250000000
368 -111.843750000000
369 -110.578125000000
370 -110.296875000000
371 -112.593750000000
372 -111.515625000000
373 -111.296875000000
374 -110.468750000000
375 -109.781250000000
376 -105.843750000000
377 -109.250000000000
378 -108.750000000000
379 -106.031250000000
380 -108.296875000000
381 -107.593750000000
382 -105.000000000000
383 -104.531250000000
384 -103.078125000000
385 -105.984375000000
386 -104.171875000000
387 -105.156250000000
388 -104.609375000000
389 -105.515625000000
390 -103.031250000000
391 -103.687500000000
392 -101.781250000000
393 -103.546875000000
394 -102.781250000000
395 -100.890625000000
396 -103.140625000000
397 -100.578125000000
398 -100.140625000000
399 -102.765625000000
400 -96.953125000000
401 -96.812500000000
402 -96.953125000000
403 -99.062500000000
404 -95.515625000000
405 -96.140625000000
406 -99.500000000000
407 -97.312500000000
408 -95.406250000000
409 -96.890625000000
410 -95.000000000000
411 -94.593750000000
412 -91.765625000000
413 -94.718750000000
414 -94.281250000000
415 -91.140625000000
416 -92.796875000000
417 -87.265625000000
418 -89.484375000000
419 -89.187500000000
420 -89.750000000000
421 -87.015625000000
422 -91.468750000000
423 -88.562500000000
424 -83.453125000000
425 -84.656250000000
426 -87.265625000000
427 -85.531250000000
428 -86.093750000000
429 -87.859375000000
430 -85.828125000000
431 -81.390625000000
432 -83.671875000000
433 -82.343750000000
434 -83.171875000000
435 -85.343750000000
436 -80.890625000000
437 -80.046875000000
438 -78.781250000000
439 -81.343750000000
440 -79.968750000000
441 -80.578125000000
442 -79.859375000000
443 -75.562500000000
444 -76.046875000000
445 -75.625000000000
446 -72.890625000000
447 -75.156250000000
448 -74.843750000000
449 -70.078125000000
450 -72.531250000000
451 -71.718750000000
452 -71.843750000000
453 -72.125000000000
454 -71.265625000000
455 -68.312500000000
456 -70.171875000000
457 -67.375000000000
458 -69.968750000000
459 -69.234375000000
460 -66.453125000000
461 -64.390625000000
462 -67.562500000000
463 -65.531250000000
464 -64.453125000000
465 -64.359375000000
466 -65.437500000000
467 -60.640625000000
468 -62.968750000000
469 -63.406250000000
470 -64.015625000000
471 -59.937500000000
472 -61.750000000000
473 -57.296875000000
474 -58.093750000000
475 -58.453125000000
476 -57.156250000000
477 -57.265625000000
478 -57.750000000000
479 -57.937500000000
480 -55.765625000000
481 -55.406250000000
482 -52.218750000000
483 -55.937500000000
484 -55.046875000000
485 -53.406250000000
486 -53.468750000000
487 -51.703125000000
488 -49.062500000000
489 -49.718750000000
490 -47.328125000000
491 -49.015625000000
492 -47.562500000000
493 -45.718750000000
494 -47.890625000000
495 -48.921875000000
496 -43.953125000000
497 -45.484375000000
498 -41.640625000000
499 -44.265625000000
500 -41.265625000000
501 -45.281250000000
502 -41.171875000000
503 -40.359375000000
504 -36.625000000000
505 -41.921875000000
506 -40.500000000000
507 -41.828125000000
508 -42.531250000000
509 -38.609375000000
510 -34.265625000000
511 -38.078125000000
512 -33.906250000000
513 -36.187500000000
514 -34.703125000000
515 -37.796875000000
516 -34.718750000000
517 -34.250000000000
518 -29.468750000000
519 -34.453125000000
520 -31.484375000000
521 -28.953125000000
522 -31.234375000000
523 -30.671875000000
524 -30.328125000000
525 -27.187500000000
526 -31.593750000000
527 -29.328125000000
528 -28.890625000000
529 -26.875000000000
530 -30.218750000000
531 -26.453125000000
532 -28.187500000000
533 -24.750000000000
534 -26.937500000000
535 -22.281250000000
536 -21.531250000000
537 -20.906250000000
538 -22.531250000000
539 -23.734375000000
540 -17.875000000000
541 -21.687500000000
542 -20.140625000000
543 -17.796875000000
544 -20.265625000000
545 -20.781250000000
546 -21.234375000000
547 -16.265625000000
548 -19.562500000000
549 -20.265625000000
550 -18.609375000000
551 -18.765625000000
552 -16.609375000000
553 -18.343750000000
554 -16.000000000000
555 -14.000000000000
556 -15.203125000000
557 -13.531250000000
558 -17.484375000000
559 -13.921875000000
560 -13.390625000000
561 -15.828125000000
562 -14.375000000000
563 -14.984375000000
564 -10.734375000000
565 -10.750000000000
566 -11.640625000000
567 -12.125000000000
568 -9.546875000000
569 -10.453125000000
570 -11.546875000000
571 -9.781250000000
572 -10.843750000000
573 -11.531250000000
574 -8.296875000000
575 -8.187500000000
576 -9.843750000000
577 -7.359375000000
578 -8.359375000000
579 -7.171875000000
580 -7.093750000000
581 -6.500000000000
582 -7.687500000000
583 -11.546875000000
584 -4.875000000000
585 -6.546875000000
586 -5.656250000000
587 -7.406250000000
588 -4.562500000000
589 -8.656250000000
590 -3.906250000000
591 -4.328125000000
592 -4.000000000000
593 -5.531250000000
594 -2.468750000000
595 -3.640625000000
596 -3.968750000000
597 -2.203125000000
598 -5.968750000000
599 -2.078125000000
600 0.546875000000
601 -0.109375000000
602 0.312500000000
603 -1.703125000000
604 -1.250000000000
605 -1.296875000000
606 -0.953125000000
607 -1.296875000000
608 -0.609375000000
609 -0.890625000000
610 0.593750000000
611 -2.296875000000
612 -0.953125000000
613 -1.781250000000
614 -3.187500000000
615 1.906250000000
616 -0.234375000000
617 2.343750000000
618 0.468750000000
619 0.437500000000
620 0.718750000000
621 -1.828125000000
622 -0.750000000000
623 0.171875000000
624 2.671875000000
625 0.609375000000
626 0.937500000000
627 -3.562500000000
628 4.593750000000
629 -1.515625000000
630 -1.843750000000
631 -0.218750000000
632 1.703125000000
633 -0.984375000000
634 1.968750000000
635 0.671875000000
636 -1.375000000000
637 -1.218750000000
638 -1.000000000000
639 2.250000000000
640 -1.484375000000
641 1.234375000000
642 -0.953125000000
643 1.609375000000
644 -0.921875000000
645 -0.046875000000
646 2.500000000000
647 -1.375000000000
648 -1.859375000000
649 -3.187500000000
650 0.750000000000
651 -1.484375000000
652 -2.937500000000
653 -1.968750000000
654 -5.234375000000
655 -3.968750000000
656 -0.234375000000
657 0.359375000000
658 -2.828125000000
659 -3.609375000000
660 -4.140625000000
661 0.046875000000
662 -5.046875000000
663 -2.296875000000
664 -2.390625000000
665 -8.421875000000
666 -3.015625000000
667 -8.984375000000
668 -6.375000000000
669 -8.125000000000
670 -4.125000000000
671 -3.109375000000
672 -6.156250000000
673 -5.703125000000
674 -2.953125000000
675 -6.593750000000
676 -6.656250000000
677 -9.375000000000
678 -5.765625000000
679 -4.312500000000
680 -8.937500000000
681 -8.812500000000
682 -10.281250000000
683 -10.656250000000
684 -6.000000000000
685 -9.687500000000
686 -8.953125000000
687 -12.406250000000
688 -8.531250000000
689 -13.656250000000
690 -9.593750000000
691 -6.390625000000
692 -9.953125000000
693 -16.531250000000
694 -11.765625000000
695 -13.703125000000
696 -15.218750000000
697 -17.343750000000
698 -11.828125000000
699 -12.515625000000
700 -14.125000000000
701 -16.250000000000
702 -17.890625000000
703 -14.343750000000
704 -13.484375000000
705 -15.437500000000
706 -15.734375000000
707 -14.468750000000
708 -19.406250000000
709 -17.984375000000
710 -21.171875000000
711 -17.593750000000
712 -23.343750000000
713 -17.437500000000
714 -18.890625000000
715 -26.359375000000
716 -19.843750000000
717 -19.406250000000
718 -19.640625000000
719 -23.437500000000
720 -20.125000000000
721 -27.984375000000
722 -23.546875000000
723 -27.218750000000
724 -25.015625000000
725 -24.031250000000
726 -28.687500000000
727 -30.625000000000
728 -26.671875000000
729 -30.562500000000
730 -31.468750000000
731 -25.140625000000
732 -29.796875000000
733 -28.484375000000
734 -35.046875000000
735 -34.406250000000
736 -33.312500000000
737 -29.265625000000
738 -32.234375000000
739 -34.390625000000
740 -31.859375000000
741 -37.312500000000
742 -31.484375000000
743 -34.562500000000
744 -34.406250000000
745 -35.125000000000
746 -37.625000000000
747 -34.500000000000
748 -36.187500000000
749 -37.921875000000
750 -38.437500000000
751 -39.093750000000
752 -37.625000000000
753 -38.000000000000
754 -37.781250000000
755 -41.140625000000
756 -43.109375000000
757 -39.546875000000
758 -46.296875000000
759 -46.515625000000
760 -45.046875000000
761 -43.218750000000
762 -44.625000000000
763 -46.906250000000
764 -44.171875000000
765 -47.578125000000
766 -48.937500000000
767 -47.671875000000
768 -49.031250000000
769 -53.562500000000
770 -46.843750000000
771 -53.890625000000
772 -53.109375000000
773 -55.328125000000
774 -48.218750000000
775 -53.562500000000
776 -56.500000000000
777 -52.578125000000
778 -53.968750000000
779 -54.078125000000
780 -50.296875000000
781 -53.062500000000
782 -59.046875000000
783 -57.250000000000
784 -60.000000000000
785 -60.250000000000
786 -63.906250000000
787 -61.343750000000
788 -55.406250000000
789 -59.734375000000
790 -62.093750000000
791 -61.609375000000
792 -61.328125000000
793 -65.187500000000
794 -63.406250000000
795 -62.828125000000
796 -64.984375000000
797 -69.921875000000
798 -69.093750000000
799 -68.625000000000
800 -70.406250000000
801 -66.281250000000
802 -69.562500000000
803 -69.906250000000
804 -70.828125000000
805 -72.031250000000
806 -70.437500000000
807 -68.484375000000
808 -74.375000000000
809 -72.578125000000
810 -71.109375000000
811 -72.734375000000
812 -77.515625000000
813 -77.640625000000
814 -78.359375000000
815 -82.390625000000
816 -78.640625000000
817 -76.046875000000
818 -78.937500000000
819 -76.171875000000
820 -80.234375000000
821 -77.890625000000
822 -84.640625000000
823 -83.421875000000
824 -81.406250000000
825 -81.796875000000
826 -83.703125000000
827 -82.734375000000
828 -83.843750000000
829 -87.046875000000
830 -84.453125000000
831 -83.921875000000
832 -85.890625000000
833 -93.875000000000
834 -87.031250000000
835 -87.796875000000
836 -87.046875000000
837 -91.953125000000
838 -89.656250000000
839 -89.593750000000
840 -92.328125000000
841 -92.281250000000
842 -91.843750000000
843 -91.531250000000
844 -92.500000000000
845 -95.968750000000
846 -95.921875000000
847 -95.437500000000
848 -92.953125000000
849 -95.125000000000
850 -95.234375000000
851 -98.328125000000
852 -95.531250000000
853 -94.953125000000
854 -100.031250000000
855 -97.203125000000
856 -101.906250000000
857 -101.765625000000
858 -103.968750000000
859 -99.609375000000
860 -101.546875000000
861 -100.984375000000
862 -101.109375000000
863 -98.687500000000
864 -102.078125000000
865 -100.421875000000
866 -100.421875000000
867 -105.437500000000
868 -105.312500000000
869 -101.046875000000
870 -105.968750000000
871 -103.062500000000
872 -109.828125000000
873 -105.453125000000
874 -104.671875000000
875 -108.812500000000
876 -105.203125000000
877 -110.453125000000
878 -102.609375000000
879 -106.484375000000
880 -110.687500000000
881 -109.171875000000
882 -109.890625000000
883 -108.062500000000
884 -109.875000000000
885 -109.828125000000
886 -111.921875000000
887 -110.140625000000
888 -108.531250000000
889 -111.281250000000
890 -109.421875000000
891 -115.171875000000
892 -113.984375000000
893 -111.843750000000
894 -112.921875000000
895 -112.765625000000
896 -114.359375000000
897 -114.921875000000
898 -113.875000000000
899 -117.656250000000
900 -114.031250000000
901 -115.062500000000
902 -116.687500000000
903 -116.093750000000
904 -119.328125000000
905 -117.484375000000
906 -116.890625000000
907 -116.390625000000
908 -115.531250000000
909 -115.109375000000
910 -118.265625000000
911 -118.031250000000
912 -111.812500000000
913 -113.203125000000
914 -118.734375000000
915 -117.421875000000
916 -119.140625000000
917 -115.781250000000
918 -116.734375000000
919 -116.265625000000
920 -121.484375000000
921 -121.000000000000
922 -119.046875000000
923 -117.765625000000
924 -120.625000000000
925 -120.437500000000
926 -115.765625000000
927 -115.984375000000
928 -118.609375000000
929 -120.812500000000
930 -120.031250000000
931 -122.359375000000
932 -118.640625000000
933 -119.968750000000
934 -122.562500000000
935 -120.562500000000
936 -122.015625000000
937 -126.078125000000
938 -117.796875000000
939 -121.375000000000
940 -121.593750000000
941 -121.968750000000
942 -121.703125000000
943 -124.265625000000
944 -119.921875000000
945 -119.937500000000
946 -117.937500000000
947 -120.937500000000
948 -120.109375000000
949 -118.109375000000
950 -118.453125000000
951 -121.140625000000
952 -115.671875000000
953 -122.593750000000
954 -124.265625000000
955 -117.890625000000
956 -121.296875000000
957 -121.515625000000
958 -114.968750000000
959 -121.500000000000
960 -116.671875000000
961 -114.687500000000
962 -117.375000000000
963 -116.984375000000
964 -116.609375000000
965 -121.859375000000
966 -117.296875000000
967 -119.234375000000
968 -121.046875000000
969 -117.593750000000
970 -121.453125000000
971 -112.406250000000
972 -116.437500000000
973 -120.078125000000
974 -116.109375000000
975 -116.156250000000
976 -120.203125000000
977 -112.875000000000
978 -114.968750000000
979 -115.875000000000
980 -112.187500000000
981 -112.546875000000
982 -117.046875000000
983 -116.437500000000
984 -115.250000000000
985 -116.343750000000
986 -111.937500000000
987 -113.531250000000
988 -114.343750000000
989 -116.156250000000
990 -111.562500000000
991 -110.781250000000
992 -116.515625000000
993 -113.343750000000
994 -116.093750000000
995 -109.593750000000
996 -110.687500000000
997 -112.593750000000
998 -111.828125000000
999 -106.156250000000
1000 -110.500000000000
1001 -115.671875000000
1002 -108.937500000000
1003 -110.937500000000
1004 -114.953125000000
1005 -112.109375000000
1006 -111.421875000000
1007 -108.765625000000
1008 -108.718750000000
1009 -108.093750000000
1010 -105.265625000000
1011 -107.281250000000
1012 -104.140625000000
1013 -104.546875000000
1014 -106.796875000000
1015 -100.484375000000
1016 -106.562500000000
1017 -104.671875000000
1018 -106.656250000000
1019 -98.078125000000
1020 -107.515625000000
1021 -102.125000000000
1022 -102.531250000000
1023 -102.765625000000
