-200.000000000000 0.000122070312
-198.001098632812 0.000244140625
-196.002197265625 0.000244140625
-192.001342773438 0.000366210938
-190.002441406250 0.000244140625
-186.001586914062 0.001220703125
-184.002685546875 0.000244140625
-182.000732421875 0.000366210938
-180.001831054688 0.000366210938
-178.002929687500 0.000488281250
-176.000976562500 0.001098632812
-174.002075195312 0.001953125000
-172.000122070312 0.002197265625
-170.001220703125 0.001953125000
-168.002319335938 0.001708984375
-166.000366210938 0.001831054688
-164.001464843750 0.002807617188
-162.002563476562 0.002319335938
-160.000610351562 0.003173828125
-158.001708984375 0.004760742188
-156.002807617188 0.004150390625
-154.000854492188 0.006225585938
-152.001953125000 0.005615234375
-150.000000000000 0.006225585938
-148.001098632812 0.009399414062
-146.002197265625 0.007080078125
-144.000244140625 0.008422851562
-142.001342773438 0.011962890625
-140.002441406250 0.012329101562
-138.000488281250 0.013549804688
-136.001586914062 0.013793945312
-134.002685546875 0.015625000000
-132.000732421875 0.015136718750
-130.001831054688 0.018920898438
-128.002929687500 0.018188476562
-126.000976562500 0.019287109375
-124.002075195312 0.018310546875
-122.000122070312 0.020629882812
-120.001220703125 0.019775390625
-118.002319335938 0.021728515625
-116.000366210938 0.021972656250
-114.001464843750 0.025024414062
-112.002563476562 0.025390625000
-110.000610351562 0.025634765625
-108.001708984375 0.026367187500
-106.002807617188 0.025512695312
-104.000854492188 0.026123046875
-102.001953125000 0.026611328125
-100.000000000000 0.027221679688
-98.001098632812 0.027099609375
-96.002197265625 0.028686523438
-94.000244140625 0.027832031250
-92.001342773438 0.025146484375
-90.002441406250 0.025878906250
-88.000488281250 0.024658203125
-86.001586914062 0.024169921875
-84.002685546875 0.023559570312
-82.000732421875 0.021850585938
-80.001831054688 0.025024414062
-78.002929687500 0.019287109375
-76.000976562500 0.019653320312
-74.002075195312 0.016845703125
-72.000122070312 0.016845703125
-70.001220703125 0.015136718750
-68.002319335938 0.012695312500
-66.000366210938 0.013427734375
-64.001464843750 0.010620117188
-62.002563476562 0.010009765625
-60.000610351562 0.011352539062
-58.001708984375 0.010742187500
-56.002807617188 0.006347656250
-54.000854492188 0.006469726562
-52.001953125000 0.007934570312
-50.000000000000 0.006958007812
-48.001098632812 0.005615234375
-46.002197265625 0.004028320312
-44.000244140625 0.005371093750
-42.001342773438 0.003662109375
-40.002441406250 0.002807617188
-38.000488281250 0.002807617188
-36.001586914062 0.001220703125
-34.002685546875 0.001953125000
-32.000732421875 0.001586914062
-30.001831054688 0.002197265625
-28.002929687500 0.001098632812
-26.000976562500 0.002075195312
-24.002075195312 0.000244140625
-22.000122070312 0.000610351562
-20.001220703125 0.000366210938
-18.002319335938 0.000488281250
-14.001464843750 0.000122070312
-12.002563476562 0.000244140625
-10.000610351562 0.000122070312
-8.001708984375 0.000122070312
-6.002807617188 0.000122070312
-4.000854492188 0.000122070312
-2.001953125000 0.000122070312
0.000000000000 0.000122070312
5.999755859375 0.000122070312
9.997558593750 0.000122070312
15.997314453125 0.000122070312
