0 0.000000000000
1 -0.156250000000
2 -0.078125000000
3 0.203125000000
4 -0.187500000000
5 -0.062500000000
6 -0.078125000000
7 0.093750000000
8 0.125000000000
9 0.312500000000
10 0.000000000000
11 -0.031250000000
12 -0.531250000000
13 -0.046875000000
14 0.109375000000
15 -0.281250000000
16 -0.156250000000
17 -0.328125000000
18 -0.171875000000
19 -0.218750000000
20 0.171875000000
21 0.421875000000
22 -0.406250000000
23 -0.750000000000
24 0.156250000000
25 0.562500000000
26 0.406250000000
27 0.203125000000
28 0.406250000000
29 0.078125000000
30 -0.109375000000
31 0.375000000000
32 -0.515625000000
33 -0.281250000000
34 0.421875000000
35 0.328125000000
36 -0.015625000000
37 0.578125000000
38 1.312500000000
39 0.328125000000
40 -0.265625000000
41 -0.515625000000
42 0.640625000000
43 -0.281250000000
44 -0.328125000000
45 0.000000000000
46 2.000000000000
47 1.062500000000
48 -0.296875000000
49 0.234375000000
50 -0.734375000000
51 -1.062500000000
52 0.281250000000
53 0.859375000000
54 -0.187500000000
55 -0.578125000000
56 -0.921875000000
57 -0.562500000000
58 0.671875000000
59 0.828125000000
60 -0.781250000000
61 -0.671875000000
62 0.937500000000
63 0.406250000000
64 -0.421875000000
65 0.546875000000
66 -0.328125000000
67 0.781250000000
68 -0.187500000000
69 -0.312500000000
70 0.203125000000
71 0.078125000000
72 -0.781250000000
73 0.734375000000
74 0.187500000000
75 0.203125000000
76 -1.703125000000
77 0.406250000000
78 -1.390625000000
79 -0.859375000000
80 0.703125000000
81 -0.593750000000
82 -0.531250000000
83 0.265625000000
84 -0.515625000000
85 0.953125000000
86 -0.015625000000
87 0.250000000000
88 -0.250000000000
89 0.796875000000
90 1.109375000000
91 -0.578125000000
92 -0.109375000000
93 0.015625000000
94 -0.609375000000
95 -0.453125000000
96 -1.421875000000
97 0.703125000000
98 0.375000000000
99 0.843750000000
100 0.437500000000
101 0.671875000000
102 0.687500000000
103 -1.312500000000
104 -0.406250000000
105 -0.171875000000
106 0.015625000000
107 1.312500000000
108 -1.750000000000
109 -1.609375000000
110 -0.734375000000
111 -0.859375000000
112 0.250000000000
113 0.234375000000
114 0.328125000000
115 1.640625000000
116 -1.671875000000
117 -0.500000000000
118 0.046875000000
119 -0.250000000000
120 2.281250000000
121 1.140625000000
122 1.062500000000
123 -0.671875000000
124 -0.171875000000
125 -0.859375000000
126 -0.296875000000
127 1.828125000000
128 -1.328125000000
129 -0.562500000000
130 0.171875000000
131 1.250000000000
132 -1.468750000000
133 0.515625000000
134 -0.218750000000
135 0.046875000000
136 0.296875000000
137 -0.531250000000
138 -0.437500000000
139 -0.343750000000
140 -0.062500000000
141 0.343750000000
142 -1.578125000000
143 1.734375000000
144 0.500000000000
145 -0.734375000000
146 0.234375000000
147 0.406250000000
148 1.781250000000
149 1.375000000000
150 0.968750000000
151 -1.078125000000
152 -0.828125000000
153 0.406250000000
154 -1.437500000000
155 0.843750000000
156 -1.406250000000
157 1.218750000000
158 -1.484375000000
159 1.562500000000
160 1.312500000000
161 1.796875000000
162 0.843750000000
163 0.500000000000
164 1.531250000000
165 1.203125000000
166 -1.000000000000
167 2.156250000000
168 -1.000000000000
169 -1.687500000000
170 1.343750000000
171 2.062500000000
172 -0.078125000000
173 0.125000000000
174 0.015625000000
175 -2.296875000000
176 -0.390625000000
177 1.203125000000
178 -0.437500000000
179 0.906250000000
180 0.687500000000
181 0.421875000000
182 -1.500000000000
183 1.421875000000
184 0.546875000000
185 -1.421875000000
186 -1.984375000000
187 0.250000000000
188 0.312500000000
189 0.531250000000
190 -0.203125000000
191 0.078125000000
192 0.312500000000
193 0.171875000000
194 1.203125000000
195 -1.984375000000
196 -1.468750000000
197 0.078125000000
198 -0.531250000000
199 -0.515625000000
200 -0.312500000000
201 1.062500000000
202 0.890625000000
203 0.140625000000
204 -0.546875000000
205 -0.859375000000
206 0.765625000000
207 0.359375000000
208 -1.703125000000
209 -1.296875000000
210 0.203125000000
211 -1.453125000000
212 -1.781250000000
213 1.406250000000
214 -1.921875000000
215 -1.593750000000
216 2.406250000000
217 -2.000000000000
218 -0.093750000000
219 0.312500000000
220 -0.921875000000
221 -0.171875000000
222 1.781250000000
223 -0.937500000000
224 -0.421875000000
225 0.390625000000
226 -2.046875000000
227 0.593750000000
228 -1.312500000000
229 -0.171875000000
230 -1.750000000000
231 -0.093750000000
232 -2.109375000000
233 -0.640625000000
234 1.703125000000
235 -1.062500000000
236 0.078125000000
237 -0.750000000000
238 -1.500000000000
239 0.859375000000
240 3.187500000000
241 0.875000000000
242 0.500000000000
243 0.015625000000
244 -1.062500000000
245 0.312500000000
246 0.593750000000
247 0.109375000000
248 -1.218750000000
249 0.140625000000
250 -0.156250000000
251 1.468750000000
252 1.218750000000
253 1.546875000000
254 2.218750000000
255 0.375000000000
256 -1.812500000000
257 -3.218750000000
258 -1.687500000000
259 -1.328125000000
260 -1.890625000000
261 1.171875000000
262 2.234375000000
263 -2.593750000000
264 -2.906250000000
265 1.000000000000
266 0.250000000000
267 -1.484375000000
268 -0.906250000000
269 0.671875000000
270 0.093750000000
271 -0.468750000000
272 -0.437500000000
273 2.578125000000
274 0.703125000000
275 -0.140625000000
276 0.921875000000
277 -0.500000000000
278 1.156250000000
279 -2.734375000000
280 0.781250000000
281 0.125000000000
282 0.812500000000
283 0.265625000000
284 -1.687500000000
285 -3.796875000000
286 -1.421875000000
287 1.625000000000
288 0.515625000000
289 0.156250000000
290 -1.140625000000
291 1.375000000000
292 -0.703125000000
293 -1.062500000000
294 -0.890625000000
295 -2.687500000000
296 0.390625000000
297 1.531250000000
298 0.625000000000
299 -1.953125000000
300 -0.390625000000
301 0.187500000000
302 2.968750000000
303 -0.578125000000
304 1.031250000000
305 -0.734375000000
306 -0.234375000000
307 -1.140625000000
308 -0.421875000000
309 -0.500000000000
310 0.734375000000
311 0.578125000000
312 3.671875000000
313 0.750000000000
314 -0.484375000000
315 -1.015625000000
316 0.843750000000
317 1.593750000000
318 3.015625000000
319 2.359375000000
320 -2.203125000000
321 -0.750000000000
322 1.000000000000
323 0.140625000000
324 -1.796875000000
325 0.484375000000
326 1.125000000000
327 1.531250000000
328 -0.125000000000
329 0.515625000000
330 -0.281250000000
331 1.578125000000
332 1.375000000000
333 0.953125000000
334 0.109375000000
335 3.671875000000
336 1.609375000000
337 -0.609375000000
338 1.343750000000
339 1.281250000000
340 0.125000000000
341 -2.125000000000
342 0.453125000000
343 -0.343750000000
344 -2.687500000000
345 0.171875000000
346 0.828125000000
347 0.765625000000
348 0.828125000000
349 0.140625000000
350 -0.390625000000
351 1.828125000000
352 -1.078125000000
353 2.734375000000
354 3.593750000000
355 -0.437500000000
356 3.671875000000
357 1.203125000000
358 1.546875000000
359 2.140625000000
360 1.234375000000
361 0.703125000000
362 -4.031250000000
363 -3.437500000000
364 2.640625000000
365 -1.171875000000
366 -1.859375000000
367 -1.031250000000
368 -0.484375000000
369 -0.140625000000
370 -1.531250000000
371 0.609375000000
372 1.171875000000
373 2.281250000000
374 -3.859375000000
375 0.203125000000
376 -0.796875000000
377 0.031250000000
378 -0.859375000000
379 1.187500000000
380 0.656250000000
381 -1.343750000000
382 3.953125000000
383 -2.062500000000
384 -0.765625000000
385 -1.203125000000
386 1.578125000000
387 3.484375000000
388 0.390625000000
389 -1.453125000000
390 -1.875000000000
391 0.062500000000
392 1.500000000000
393 0.140625000000
394 -0.781250000000
395 1.109375000000
396 0.843750000000
397 2.187500000000
398 1.578125000000
399 -2.296875000000
400 -0.171875000000
401 0.031250000000
402 0.828125000000
403 1.218750000000
404 0.421875000000
405 1.734375000000
406 -0.578125000000
407 1.375000000000
408 0.546875000000
409 -1.406250000000
410 2.078125000000
411 1.484375000000
412 -0.125000000000
413 -0.437500000000
414 0.671875000000
415 0.578125000000
416 2.468750000000
417 -0.468750000000
418 1.703125000000
419 -1.765625000000
420 2.031250000000
421 0.968750000000
422 -1.468750000000
423 1.046875000000
424 1.218750000000
425 0.281250000000
426 1.062500000000
427 -1.406250000000
428 1.437500000000
429 3.531250000000
430 -0.515625000000
431 0.921875000000
432 -0.375000000000
433 -1.359375000000
434 1.796875000000
435 3.296875000000
436 0.265625000000
437 -0.203125000000
438 -1.437500000000
439 3.187500000000
440 -1.062500000000
441 1.031250000000
442 -0.015625000000
443 0.515625000000
444 0.875000000000
445 1.359375000000
446 4.343750000000
447 -1.296875000000
448 0.453125000000
449 0.796875000000
450 -0.906250000000
451 0.890625000000
452 0.234375000000
453 0.375000000000
454 -0.328125000000
455 2.859375000000
456 -1.140625000000
457 -1.843750000000
458 1.562500000000
459 0.281250000000
460 1.906250000000
461 2.312500000000
462 -0.281250000000
463 -0.390625000000
464 -1.765625000000
465 1.218750000000
466 -2.546875000000
467 0.625000000000
468 -0.234375000000
469 -1.468750000000
470 1.390625000000
471 4.328125000000
472 0.203125000000
473 3.187500000000
474 -0.187500000000
475 0.078125000000
476 0.125000000000
477 1.000000000000
478 0.890625000000
479 -3.359375000000
480 -3.671875000000
481 1.296875000000
482 -0.906250000000
483 1.390625000000
484 0.609375000000
485 0.281250000000
486 0.359375000000
487 -3.515625000000
488 -3.328125000000
489 0.546875000000
490 -0.062500000000
491 -0.109375000000
492 0.343750000000
493 -2.656250000000
494 -0.031250000000
495 -0.578125000000
496 0.515625000000
497 3.531250000000
498 2.265625000000
499 2.203125000000
500 2.546875000000
501 -1.031250000000
502 0.656250000000
503 -3.750000000000
504 2.281250000000
505 -1.296875000000
506 2.453125000000
507 1.718750000000
508 1.593750000000
509 1.968750000000
510 0.531250000000
511 -2.750000000000
512 3.968750000000
513 -0.171875000000
514 -2.421875000000
515 1.203125000000
516 -3.671875000000
517 3.093750000000
518 1.218750000000
519 -1.187500000000
520 -1.406250000000
521 5.984375000000
522 -0.671875000000
523 -0.562500000000
524 -0.328125000000
525 0.546875000000
526 -2.781250000000
527 1.406250000000
528 2.750000000000
529 -0.687500000000
530 -1.656250000000
531 -1.046875000000
532 0.218750000000
533 0.578125000000
534 -1.703125000000
535 -2.234375000000
536 1.609375000000
537 -0.046875000000
538 0.453125000000
539 -2.234375000000
540 2.000000000000
541 0.734375000000
542 -0.093750000000
543 2.312500000000
544 2.484375000000
545 2.265625000000
546 -5.093750000000
547 2.000000000000
548 0.781250000000
549 0.187500000000
550 1.453125000000
551 -0.843750000000
552 -1.750000000000
553 -0.843750000000
554 -0.656250000000
555 1.250000000000
556 0.093750000000
557 -0.265625000000
558 -1.359375000000
559 -2.406250000000
560 -2.015625000000
561 0.562500000000
562 2.359375000000
563 0.046875000000
564 2.968750000000
565 -0.859375000000
566 -2.281250000000
567 0.687500000000
568 3.765625000000
569 2.437500000000
570 0.375000000000
571 -0.562500000000
572 -1.750000000000
573 -0.546875000000
574 1.484375000000
575 -0.125000000000
576 0.187500000000
577 -3.875000000000
578 0.687500000000
579 0.593750000000
580 -3.578125000000
581 -1.062500000000
582 2.046875000000
583 -0.875000000000
584 2.531250000000
585 -2.359375000000
586 -4.703125000000
587 2.859375000000
588 -2.062500000000
589 -0.890625000000
590 -0.500000000000
591 -1.953125000000
592 -1.156250000000
593 -0.312500000000
594 -1.406250000000
595 -0.562500000000
596 -1.984375000000
597 2.531250000000
598 -0.171875000000
599 1.953125000000
600 -1.843750000000
601 -1.000000000000
602 -3.625000000000
603 1.203125000000
604 3.390625000000
605 -0.312500000000
606 -0.921875000000
607 2.421875000000
608 -0.968750000000
609 1.187500000000
610 -2.718750000000
611 4.187500000000
612 1.390625000000
613 0.531250000000
614 -2.703125000000
615 -2.562500000000
616 2.218750000000
617 1.656250000000
618 3.187500000000
619 2.343750000000
620 -1.328125000000
621 0.937500000000
622 0.796875000000
623 1.984375000000
624 -1.515625000000
625 -1.203125000000
626 -0.937500000000
627 1.375000000000
628 1.812500000000
629 2.765625000000
630 -1.531250000000
631 -0.343750000000
632 -0.671875000000
633 0.281250000000
634 -3.203125000000
635 1.718750000000
636 0.953125000000
637 2.359375000000
638 0.062500000000
639 1.140625000000
640 0.781250000000
641 -1.375000000000
642 -0.421875000000
643 3.328125000000
644 -0.843750000000
645 -1.562500000000
646 1.453125000000
647 -0.187500000000
648 0.343750000000
649 0.234375000000
650 1.843750000000
651 0.609375000000
652 5.890625000000
653 -1.312500000000
654 0.359375000000
655 2.718750000000
656 -1.546875000000
657 -1.796875000000
658 0.687500000000
659 -2.390625000000
660 -0.140625000000
661 -2.343750000000
662 1.125000000000
663 0.500000000000
664 -0.218750000000
665 2.843750000000
666 -0.390625000000
667 -0.281250000000
668 1.281250000000
669 1.671875000000
670 -1.859375000000
671 3.171875000000
672 0.515625000000
673 1.078125000000
674 -0.265625000000
675 0.750000000000
676 4.140625000000
677 1.453125000000
678 0.078125000000
679 1.046875000000
680 -0.296875000000
681 0.484375000000
682 -0.953125000000
683 -0.218750000000
684 0.046875000000
685 3.703125000000
686 0.390625000000
687 -4.343750000000
688 -3.593750000000
689 2.500000000000
690 2.578125000000
691 -3.828125000000
692 -1.468750000000
693 -0.031250000000
694 2.828125000000
695 -0.671875000000
696 1.140625000000
697 1.375000000000
698 0.500000000000
699 -3.078125000000
700 -1.343750000000
701 2.328125000000
702 -2.000000000000
703 1.734375000000
704 -3.234375000000
705 -2.843750000000
706 -4.296875000000
707 -1.078125000000
708 2.375000000000
709 -2.312500000000
710 -0.328125000000
711 0.359375000000
712 5.390625000000
713 -3.953125000000
714 -1.609375000000
715 -0.218750000000
716 1.218750000000
717 0.390625000000
718 1.546875000000
719 -0.453125000000
720 1.421875000000
721 2.312500000000
722 2.468750000000
723 -4.609375000000
724 0.125000000000
725 -1.468750000000
726 -4.156250000000
727 -0.953125000000
728 -1.968750000000
729 -4.250000000000
730 1.937500000000
731 0.078125000000
732 0.109375000000
733 -0.765625000000
734 0.218750000000
735 2.734375000000
736 -2.765625000000
737 -2.781250000000
738 -2.484375000000
739 -4.046875000000
740 -1.953125000000
741 0.625000000000
742 1.828125000000
743 -1.359375000000
744 -1.765625000000
745 0.296875000000
746 3.250000000000
747 0.640625000000
748 -2.140625000000
749 -4.796875000000
750 0.546875000000
751 -2.250000000000
752 1.156250000000
753 1.265625000000
754 4.718750000000
755 -1.234375000000
756 -0.109375000000
757 1.296875000000
758 -1.359375000000
759 2.468750000000
760 -0.312500000000
761 -2.218750000000
762 1.859375000000
763 0.937500000000
764 -2.843750000000
765 4.812500000000
766 3.125000000000
767 0.546875000000
768 1.109375000000
769 -0.328125000000
770 -1.937500000000
771 -0.953125000000
772 0.953125000000
773 2.500000000000
774 2.000000000000
775 2.125000000000
776 -1.640625000000
777 2.265625000000
778 -2.093750000000
779 -2.093750000000
780 -3.031250000000
781 -2.781250000000
782 4.781250000000
783 -2.125000000000
784 1.828125000000
785 -3.015625000000
786 -3.531250000000
787 2.703125000000
788 2.578125000000
789 -2.000000000000
790 2.609375000000
791 0.562500000000
792 0.078125000000
793 0.562500000000
794 -0.531250000000
795 -1.390625000000
796 1.484375000000
797 -0.781250000000
798 -1.109375000000
799 -0.781250000000
800 -1.250000000000
801 -1.343750000000
802 0.812500000000
803 1.515625000000
804 -0.468750000000
805 0.578125000000
806 0.265625000000
807 1.125000000000
808 -2.265625000000
809 -0.031250000000
810 0.890625000000
811 -2.250000000000
812 4.890625000000
813 -0.406250000000
814 1.781250000000
815 -1.343750000000
816 -1.343750000000
817 -2.562500000000
818 0.578125000000
819 1.906250000000
820 -0.484375000000
821 0.171875000000
822 -1.390625000000
823 -0.140625000000
824 4.921875000000
825 3.250000000000
826 5.218750000000
827 1.703125000000
828 1.468750000000
829 -2.000000000000
830 1.250000000000
831 3.437500000000
832 -1.953125000000
833 3.312500000000
834 2.562500000000
835 0.031250000000
836 -1.703125000000
837 4.546875000000
838 -0.937500000000
839 3.203125000000
840 -1.656250000000
841 -3.203125000000
842 -0.093750000000
843 2.734375000000
844 1.734375000000
845 1.937500000000
846 2.093750000000
847 3.937500000000
848 -0.671875000000
849 -3.515625000000
850 -4.531250000000
851 1.515625000000
852 -1.578125000000
853 2.531250000000
854 0.359375000000
855 -0.375000000000
856 -0.859375000000
857 -3.953125000000
858 -0.125000000000
859 1.125000000000
860 0.890625000000
861 2.468750000000
862 -0.984375000000
863 2.250000000000
864 0.281250000000
865 1.406250000000
866 -4.312500000000
867 -0.937500000000
868 -0.312500000000
869 1.890625000000
870 1.906250000000
871 -1.062500000000
872 -0.359375000000
873 -0.593750000000
874 2.703125000000
875 1.203125000000
876 -0.921875000000
877 5.265625000000
878 0.531250000000
879 0.656250000000
880 -2.703125000000
881 -2.109375000000
882 1.734375000000
883 2.187500000000
884 1.703125000000
885 -1.609375000000
886 0.015625000000
887 0.421875000000
888 -1.437500000000
889 0.812500000000
890 2.140625000000
891 -4.406250000000
892 -3.890625000000
893 -5.625000000000
894 1.640625000000
895 2.671875000000
896 -2.203125000000
897 -3.593750000000
898 1.921875000000
899 -0.031250000000
900 -2.281250000000
901 0.625000000000
902 4.406250000000
903 1.718750000000
904 2.046875000000
905 -1.250000000000
906 4.421875000000
907 -3.359375000000
908 3.109375000000
909 -5.140625000000
910 0.125000000000
911 1.562500000000
912 2.093750000000
913 1.203125000000
914 0.203125000000
915 -4.125000000000
916 3.625000000000
917 -0.546875000000
918 -0.531250000000
919 -3.703125000000
920 -1.796875000000
921 -0.640625000000
922 2.796875000000
923 0.218750000000
924 -3.390625000000
925 0.890625000000
926 -2.546875000000
927 1.328125000000
928 -1.875000000000
929 -3.921875000000
930 4.171875000000
931 0.640625000000
932 -1.015625000000
933 0.531250000000
934 2.750000000000
935 1.093750000000
936 -2.140625000000
937 -2.031250000000
938 -1.328125000000
939 2.187500000000
940 -1.921875000000
941 -0.687500000000
942 4.421875000000
943 -1.390625000000
944 3.218750000000
945 5.359375000000
946 -2.046875000000
947 1.312500000000
948 -0.140625000000
949 -0.265625000000
950 -1.500000000000
951 4.281250000000
952 0.265625000000
953 7.171875000000
954 -0.125000000000
955 -0.187500000000
956 3.343750000000
957 0.140625000000
958 1.656250000000
959 3.171875000000
960 1.750000000000
961 -0.500000000000
962 -1.375000000000
963 1.062500000000
964 0.625000000000
965 4.562500000000
966 -2.734375000000
967 0.812500000000
968 -0.484375000000
969 3.078125000000
970 -0.375000000000
971 2.312500000000
972 2.750000000000
973 6.062500000000
974 4.125000000000
975 -2.250000000000
976 -5.953125000000
977 -1.000000000000
978 0.796875000000
979 -1.593750000000
980 0.921875000000
981 2.546875000000
982 -1.375000000000
983 -0.031250000000
984 1.593750000000
985 3.812500000000
986 -0.812500000000
987 -0.359375000000
988 5.578125000000
989 -1.375000000000
990 -4.359375000000
991 -0.968750000000
992 6.203125000000
993 -4.875000000000
994 -0.812500000000
995 4.078125000000
996 -0.062500000000
997 1.843750000000
998 -2.734375000000
999 -0.171875000000
1000 1.093750000000
1001 0.796875000000
1002 0.984375000000
1003 2.328125000000
1004 0.968750000000
1005 2.859375000000
1006 -0.843750000000
1007 0.406250000000
1008 3.625000000000
1009 -0.468750000000
1010 -0.812500000000
1011 -2.437500000000
1012 -1.406250000000
1013 -2.359375000000
1014 0.593750000000
1015 -0.187500000000
1016 -5.843750000000
1017 1.359375000000
1018 -1.265625000000
1019 -0.625000000000
1020 1.171875000000
1021 2.984375000000
1022 -1.046875000000
1023 -1.015625000000
