-126.001739501953 0.000122070312
-106.002044677734 0.000122070312
-102.001190185547 0.000244140625
-100.000762939453 0.000122070312
-96.002197265625 0.000122070312
-94.001770019531 0.000122070312
-92.001342773438 0.000488281250
-90.000915527344 0.000244140625
-88.000488281250 0.000854492188
-86.000061035156 0.000854492188
-84.001922607422 0.001464843750
-82.001495361328 0.001586914062
-80.001068115234 0.000488281250
-78.000640869141 0.000976562500
-76.000213623047 0.002075195312
-74.002075195312 0.002075195312
-72.001647949219 0.001586914062
-70.001220703125 0.001953125000
-68.000793457031 0.003051757812
-66.000366210938 0.002929687500
-64.002227783203 0.003662109375
-62.001800537109 0.003417968750
-60.001373291016 0.003784179688
-58.000946044922 0.005737304688
-56.000518798828 0.005371093750
-54.000091552734 0.005371093750
-52.001953125000 0.007324218750
-50.001525878906 0.008056640625
-48.001098632812 0.008300781250
-46.000671386719 0.009033203125
-44.000244140625 0.009277343750
-42.002105712891 0.012084960938
-40.001678466797 0.011840820312
-38.001251220703 0.013427734375
-36.000823974609 0.014038085938
-34.000396728516 0.011962890625
-32.002258300781 0.013427734375
-30.001831054688 0.015380859375
-28.001403808594 0.016357421875
-26.000976562500 0.015747070312
-24.000549316406 0.019287109375
-22.000122070312 0.020507812500
-20.001983642578 0.022705078125
-18.001556396484 0.023071289062
-16.001129150391 0.020996093750
-14.000701904297 0.025390625000
-12.000274658203 0.024414062500
-10.002136230469 0.026367187500
-8.001708984375 0.027587890625
-6.001281738281 0.022705078125
-4.000854492188 0.026489257812
-2.000427246094 0.023681640625
0.000000000000 0.025268554688
1.998138427734 0.022094726562
3.998565673828 0.027465820312
5.998992919922 0.027832031250
7.999420166016 0.021484375000
9.999847412109 0.021606445312
11.997985839844 0.024291992188
13.998413085938 0.020385742188
15.998840332031 0.022949218750
17.999267578125 0.021118164062
19.999694824219 0.018066406250
21.997833251953 0.017456054688
23.998260498047 0.016967773438
25.998687744141 0.017700195312
27.999114990234 0.019165039062
29.999542236328 0.013305664062
31.999969482422 0.014404296875
33.998107910156 0.014770507812
35.998535156250 0.012084960938
37.998962402344 0.010986328125
39.999389648438 0.011230468750
41.999816894531 0.009033203125
43.997955322266 0.010009765625
45.998382568359 0.010009765625
47.998809814453 0.010131835938
49.999237060547 0.006713867188
51.999664306641 0.007202148438
53.997802734375 0.006347656250
55.998229980469 0.005859375000
57.998657226562 0.004760742188
59.999084472656 0.004760742188
61.999511718750 0.002929687500
63.999938964844 0.002319335938
65.998077392578 0.002319335938
67.998504638672 0.002075195312
69.998931884766 0.003295898438
71.999359130859 0.002441406250
73.999786376953 0.001831054688
75.997924804688 0.001098632812
77.998352050781 0.000488281250
79.998779296875 0.000854492188
81.999206542969 0.000854492188
83.999633789062 0.000366210938
85.997772216797 0.000976562500
87.998199462891 0.000610351562
89.998626708984 0.000976562500
91.999053955078 0.000244140625
93.999481201172 0.000488281250
95.999908447266 0.000732421875
97.998046875000 0.000244140625
99.998474121094 0.000122070312
103.999328613281 0.000244140625
107.997894287109 0.000244140625
109.998321533203 0.000244140625
111.998748779297 0.000122070312
127.999877929688 0.000122070312
