442 477
442 485
442 489
442 490
443 475
443 476
443 477
443 485
443 489
443 490
443 491
444 475
444 476
444 477
444 479
444 483
444 484
444 485
444 489
444 490
445 476
445 477
445 478
445 479
445 483
445 488
445 489
445 490
445 491
446 476
446 477
446 478
446 480
446 481
446 482
446 483
446 489
446 490
446 491
447 477
447 478
447 479
447 480
447 481
447 482
447 483
447 489
447 490
447 491
448 480
448 482
448 483
448 484
448 485
448 486
448 488
448 489
448 490
449 479
449 480
449 482
449 483
449 486
449 487
449 488
449 489
449 490
450 479
450 480
450 483
450 487
450 488
450 490
451 475
451 478
451 479
451 480
451 483
451 484
451 487
451 488
451 489
451 490
452 475
452 478
452 479
452 480
452 482
452 483
452 487
452 488
452 497
453 472
453 474
453 475
453 477
453 478
453 479
453 480
453 481
453 482
453 483
453 484
453 487
453 488
453 489
453 493
453 494
453 495
453 496
453 497
453 498
453 499
454 472
454 474
454 476
454 480
454 481
454 482
454 483
454 484
454 487
454 488
454 492
454 493
454 494
454 495
454 497
454 498
454 499
455 469
455 470
455 471
455 472
455 474
455 475
455 476
455 481
455 483
455 484
455 486
455 488
455 489
455 492
455 493
455 494
455 495
455 496
455 497
455 498
455 499
456 467
456 468
456 469
456 470
456 471
456 472
456 473
456 474
456 475
456 483
456 484
456 485
456 486
456 487
456 488
456 489
456 492
456 493
456 494
456 495
456 496
456 497
457 470
457 471
457 475
457 486
457 493
457 494
457 495
458 468
458 473
458 474
458 475
458 476
458 477
458 483
458 484
458 486
458 494
458 496
458 497
458 498
459 468
459 469
459 470
459 471
459 472
459 473
459 474
459 475
459 476
459 477
459 480
459 484
459 485
459 486
459 494
459 495
459 496
460 474
460 475
460 476
460 477
460 478
460 479
460 480
460 481
460 482
460 485
460 486
460 487
460 488
460 494
460 496
460 497
461 473
461 475
461 480
461 481
461 482
461 484
461 487
461 493
461 494
461 499
462 472
462 473
462 474
462 475
462 476
462 477
462 481
462 482
462 483
462 484
462 485
462 487
462 494
462 495
462 499
463 471
463 472
463 473
463 474
463 484
463 485
463 486
463 487
463 494
463 495
463 497
463 498
463 499
463 501
463 502
464 472
464 484
464 485
464 486
464 487
464 488
464 489
464 490
464 492
464 494
464 495
464 496
464 497
464 498
464 499
464 500
464 501
464 502
464 503
465 487
465 489
465 490
465 491
465 492
465 493
465 494
465 495
465 496
465 497
465 498
465 499
466 485
466 486
466 487
466 488
466 489
466 490
466 491
466 492
466 493
466 494
466 495
466 499
466 500
466 502
466 503
466 504
467 485
467 486
467 487
467 490
467 491
467 492
467 493
467 494
467 500
467 501
467 502
467 503
467 504
467 505
467 506
468 482
468 485
468 486
468 490
468 491
468 492
468 494
468 501
468 502
469 477
469 478
469 479
469 480
469 481
469 482
469 483
469 491
469 492
469 493
470 482
470 483
470 491
470 492
470 493
470 495
470 496
470 569
470 570
471 482
471 483
471 487
471 492
471 493
471 495
471 569
472 483
472 484
472 485
472 486
472 487
472 488
472 489
472 491
472 492
472 493
472 494
472 495
472 496
472 497
472 498
472 569
473 483
473 484
473 485
473 486
473 487
473 488
473 489
473 490
473 491
473 492
473 495
473 496
473 497
473 569
473 570
474 482
474 483
474 484
474 485
474 486
474 487
474 488
474 489
474 490
474 491
474 494
474 495
474 568
474 569
474 570
474 571
474 573
474 576
475 480
475 482
475 483
475 487
475 488
475 489
475 490
475 493
475 494
475 568
475 570
475 571
475 572
475 573
475 576
475 577
475 578
476 477
476 478
476 479
476 480
476 486
476 490
476 493
476 494
476 495
476 498
476 499
476 571
476 572
476 573
476 575
476 576
476 578
477 479
477 480
477 486
477 489
477 490
477 492
477 493
477 494
477 495
477 496
477 497
477 498
477 499
477 571
477 572
477 573
477 574
477 575
478 479
478 480
478 481
478 482
478 483
478 484
478 486
478 489
478 490
478 492
478 493
478 498
478 499
478 570
478 571
478 572
478 573
478 575
478 576
479 480
479 482
479 483
479 484
479 485
479 486
479 490
479 492
479 493
479 494
479 498
479 501
479 502
479 503
479 570
479 571
479 572
479 573
479 574
480 484
480 485
480 486
480 487
480 488
480 489
480 490
480 491
480 492
480 493
480 494
480 495
480 498
480 499
480 500
480 501
480 570
480 571
481 485
481 486
481 487
481 488
481 489
481 490
481 491
481 493
481 494
481 498
481 499
481 505
481 509
481 562
481 563
481 565
481 570
481 571
482 487
482 488
482 492
482 493
482 494
482 495
482 498
482 499
482 502
482 505
482 506
482 507
482 509
482 510
482 513
482 563
482 564
482 565
482 567
482 571
482 572
483 488
483 493
483 494
483 495
483 498
483 499
483 500
483 501
483 502
483 504
483 505
483 506
483 507
483 510
483 511
483 512
483 513
483 564
483 565
483 566
483 567
483 571
483 572
483 573
484 479
484 495
484 498
484 499
484 503
484 504
484 505
484 506
484 507
484 508
484 509
484 510
484 511
484 512
484 566
484 570
484 571
484 573
484 574
484 575
485 479
485 495
485 496
485 497
485 498
485 503
485 504
485 505
485 506
485 507
485 529
485 530
485 566
485 570
485 571
485 572
485 573
486 449
486 451
486 452
486 453
486 478
486 479
486 498
486 500
486 502
486 503
486 506
486 507
486 523
486 524
486 528
486 529
486 530
486 566
486 567
486 569
486 570
486 571
486 572
487 448
487 449
487 450
487 451
487 452
487 453
487 454
487 456
487 457
487 458
487 479
487 497
487 498
487 499
487 500
487 502
487 503
487 504
487 505
487 524
487 525
487 527
487 528
487 530
487 531
487 567
487 568
487 569
488 452
488 453
488 454
488 455
488 456
488 457
488 476
488 477
488 478
488 479
488 496
488 497
488 498
488 499
488 500
488 501
488 502
488 503
488 524
488 525
488 527
488 556
488 567
488 568
488 569
488 570
489 444
489 452
489 453
489 454
489 455
489 456
489 457
489 458
489 459
489 479
489 480
489 481
489 498
489 525
489 526
489 527
489 529
489 530
489 531
489 532
489 543
489 544
489 545
489 556
489 563
489 564
489 565
489 566
489 567
489 568
490 444
490 450
490 456
490 457
490 458
490 459
490 460
490 463
490 480
490 481
490 495
490 498
490 523
490 524
490 525
490 526
490 527
490 529
490 530
490 531
490 532
490 533
490 534
490 541
490 542
490 544
490 545
490 555
490 556
490 565
490 566
490 568
490 575
491 444
491 445
491 446
491 447
491 448
491 449
491 450
491 451
491 452
491 453
491 454
491 455
491 456
491 457
491 458
491 459
491 460
491 461
491 462
491 463
491 464
491 479
491 481
491 482
491 483
491 495
491 497
491 498
491 514
491 524
491 525
491 526
491 527
491 530
491 531
491 532
491 533
491 539
491 540
491 541
491 542
491 543
491 544
491 555
491 556
491 557
491 564
491 565
491 571
491 572
491 573
491 574
491 575
492 441
492 442
492 443
492 444
492 445
492 446
492 447
492 448
492 449
492 452
492 459
492 460
492 461
492 462
492 463
492 464
492 465
492 477
492 478
492 479
492 480
492 481
492 482
492 483
492 495
492 496
492 497
492 498
492 499
492 500
492 501
492 513
492 514
492 526
492 527
492 529
492 530
492 531
492 532
492 533
492 539
492 540
492 541
492 542
492 543
492 544
492 552
492 555
492 556
492 563
492 564
492 565
492 566
492 567
492 568
492 571
492 572
492 573
492 574
492 576
493 443
493 444
493 445
493 446
493 447
493 452
493 458
493 459
493 462
493 463
493 464
493 465
493 477
493 478
493 479
493 480
493 482
493 483
493 487
493 495
493 498
493 500
493 503
493 514
493 515
493 521
493 527
493 528
493 530
493 531
493 532
493 533
493 534
493 537
493 540
493 541
493 542
493 550
493 551
493 552
493 553
493 555
493 556
493 564
493 566
493 571
493 572
493 575
493 576
493 577
493 582
493 583
494 443
494 444
494 445
494 446
494 458
494 459
494 462
494 463
494 482
494 483
494 484
494 485
494 487
494 497
494 498
494 499
494 503
494 514
494 515
494 518
494 519
494 521
494 522
494 523
494 527
494 528
494 529
494 530
494 537
494 539
494 540
494 541
494 542
494 543
494 550
494 551
494 552
494 556
494 557
494 558
494 563
494 566
494 567
494 568
494 570
494 571
494 572
494 574
494 576
494 577
494 578
494 579
494 582
494 583
495 443
495 457
495 458
495 459
495 460
495 461
495 462
495 464
495 481
495 482
495 483
495 484
495 485
495 487
495 488
495 489
495 490
495 497
495 498
495 499
495 500
495 502
495 503
495 514
495 515
495 519
495 520
495 521
495 522
495 523
495 524
495 526
495 527
495 528
495 529
495 530
495 537
495 539
495 540
495 541
495 542
495 552
495 556
495 559
495 563
495 565
495 566
495 567
495 568
495 569
495 570
495 571
495 572
495 573
495 574
495 576
495 582
495 583
496 459
496 460
496 461
496 462
496 463
496 464
496 465
496 481
496 482
496 483
496 485
496 486
496 487
496 489
496 496
496 497
496 498
496 499
496 500
496 502
496 503
496 512
496 513
496 514
496 515
496 517
496 522
496 523
496 528
496 529
496 530
496 532
496 533
496 534
496 535
496 536
496 537
496 538
496 539
496 540
496 541
496 542
496 552
496 556
496 557
496 559
496 563
496 564
496 565
496 566
496 567
496 568
496 570
496 571
496 572
496 573
496 574
496 575
496 576
496 582
496 583
497 463
497 464
497 465
497 485
497 487
497 488
497 489
497 493
497 497
497 498
497 502
497 512
497 514
497 515
497 516
497 517
497 522
497 523
497 529
497 530
497 531
497 532
497 533
497 534
497 536
497 537
497 539
497 540
497 541
497 542
497 552
497 554
497 555
497 556
497 559
497 560
497 561
497 562
497 565
497 566
497 567
497 568
497 569
497 570
497 571
497 581
497 582
498 453
498 454
498 455
498 456
498 463
498 465
498 466
498 474
498 486
498 487
498 488
498 489
498 490
498 492
498 493
498 494
498 495
498 496
498 497
498 498
498 500
498 502
498 503
498 513
498 515
498 516
498 523
498 524
498 525
498 530
498 552
498 553
498 554
498 555
498 556
498 558
498 559
498 562
498 563
498 565
498 566
498 567
498 568
498 569
498 570
498 580
498 582
498 586
498 587
498 588
499 453
499 454
499 455
499 456
499 457
499 458
499 460
499 463
499 465
499 468
499 474
499 475
499 477
499 485
499 486
499 487
499 488
499 490
499 491
499 492
499 493
499 494
499 495
499 496
499 498
499 499
499 500
499 501
499 502
499 503
499 512
499 513
499 514
499 515
499 516
499 523
499 524
499 525
499 530
499 552
499 556
499 557
499 558
499 562
499 565
499 566
499 580
499 582
499 587
499 588
500 453
500 455
500 456
500 457
500 458
500 459
500 460
500 461
500 462
500 463
500 464
500 465
500 466
500 467
500 468
500 471
500 472
500 473
500 474
500 475
500 477
500 484
500 485
500 486
500 487
500 488
500 489
500 490
500 491
500 492
500 493
500 496
500 497
500 498
500 499
500 500
500 501
500 502
500 503
500 504
500 505
500 511
500 512
500 513
500 514
500 515
500 516
500 517
500 524
500 525
500 527
500 528
500 530
500 531
500 551
500 552
500 556
500 557
500 562
500 563
500 564
500 565
500 568
500 575
500 579
500 580
500 581
500 582
500 583
500 584
500 587
500 588
501 457
501 458
501 459
501 461
501 462
501 466
501 467
501 468
501 469
501 470
501 473
501 474
501 475
501 477
501 489
501 490
501 492
501 498
501 499
501 500
501 501
501 502
501 503
501 504
501 509
501 511
501 513
501 514
501 515
501 516
501 517
501 524
501 525
501 528
501 529
501 530
501 531
501 550
501 551
501 552
501 553
501 556
501 557
501 561
501 562
501 563
501 565
501 566
501 567
501 568
501 569
501 570
501 571
501 575
501 576
501 579
501 580
501 581
501 584
501 585
501 586
501 587
501 588
501 589
502 461
502 468
502 469
502 470
502 475
502 476
502 477
502 502
502 504
502 506
502 507
502 509
502 511
502 514
502 515
502 516
502 525
502 526
502 528
502 530
502 531
502 551
502 552
502 553
502 554
502 556
502 557
502 559
502 560
502 561
502 568
502 569
502 575
502 576
502 577
502 578
502 579
502 580
502 589
503 468
503 469
503 470
503 473
503 474
503 475
503 476
503 484
503 502
503 503
503 504
503 506
503 507
503 509
503 510
503 511
503 513
503 514
503 515
503 516
503 517
503 524
503 525
503 526
503 528
503 529
503 530
503 531
503 551
503 552
503 554
503 555
503 556
503 557
503 558
503 559
503 573
503 575
503 576
503 579
503 586
503 587
503 588
503 589
504 469
504 470
504 471
504 473
504 474
504 476
504 481
504 482
504 484
504 493
504 494
504 495
504 503
504 504
504 505
504 506
504 510
504 511
504 512
504 513
504 514
504 515
504 525
504 526
504 527
504 528
504 531
504 533
504 534
504 535
504 536
504 537
504 538
504 551
504 552
504 553
504 554
504 555
504 556
504 559
504 573
504 574
504 575
504 579
504 580
504 581
504 584
504 585
504 586
504 587
504 588
504 589
504 590
504 591
504 592
505 468
505 469
505 471
505 472
505 474
505 476
505 481
505 482
505 484
505 485
505 494
505 496
505 497
505 498
505 499
505 503
505 504
505 506
505 512
505 513
505 514
505 515
505 516
505 517
505 518
505 525
505 526
505 528
505 531
505 532
505 533
505 534
505 550
505 551
505 552
505 553
505 559
505 560
505 561
505 568
505 571
505 572
505 573
505 574
505 579
505 581
505 582
505 583
505 584
505 585
505 586
505 587
505 588
505 589
506 465
506 467
506 468
506 469
506 472
506 473
506 474
506 475
506 476
506 477
506 479
506 481
506 482
506 483
506 484
506 485
506 487
506 488
506 494
506 496
506 497
506 498
506 499
506 500
506 501
506 503
506 504
506 506
506 507
506 508
506 511
506 512
506 513
506 514
506 515
506 516
506 523
506 524
506 525
506 526
506 527
506 528
506 531
506 532
506 533
506 534
506 535
506 549
506 551
506 552
506 553
506 565
506 567
506 568
506 569
506 570
506 571
506 573
506 574
506 579
506 580
506 582
506 583
506 586
506 587
506 588
506 589
507 459
507 460
507 461
507 462
507 463
507 465
507 467
507 468
507 469
507 470
507 472
507 473
507 474
507 475
507 476
507 477
507 478
507 479
507 480
507 481
507 482
507 483
507 484
507 485
507 486
507 487
507 488
507 489
507 492
507 493
507 494
507 495
507 496
507 497
507 500
507 501
507 502
507 503
507 504
507 505
507 506
507 511
507 512
507 516
507 521
507 523
507 524
507 525
507 527
507 528
507 529
507 532
507 534
507 535
507 549
507 550
507 551
507 552
507 561
507 562
507 565
507 567
507 570
507 571
507 572
507 573
507 574
507 575
507 576
507 579
507 580
507 581
507 582
507 583
507 586
507 587
508 452
508 453
508 459
508 460
508 461
508 462
508 463
508 464
508 465
508 466
508 467
508 468
508 469
508 470
508 471
508 472
508 473
508 474
508 475
508 476
508 477
508 478
508 479
508 481
508 483
508 484
508 485
508 486
508 487
508 488
508 489
508 492
508 494
508 497
508 502
508 503
508 504
508 505
508 506
508 507
508 510
508 511
508 512
508 521
508 522
508 523
508 525
508 548
508 549
508 550
508 551
508 552
508 561
508 563
508 564
508 565
508 566
508 567
508 568
508 569
508 570
508 572
508 573
508 575
508 576
508 581
508 587
508 588
508 590
508 591
509 452
509 453
509 457
509 458
509 461
509 462
509 463
509 464
509 465
509 466
509 467
509 468
509 469
509 470
509 472
509 479
509 481
509 483
509 487
509 488
509 489
509 490
509 491
509 492
509 493
509 494
509 497
509 498
509 499
509 500
509 501
509 502
509 504
509 507
509 509
509 510
509 511
509 512
509 514
509 521
509 522
509 549
509 558
509 559
509 560
509 561
509 562
509 563
509 564
509 565
509 566
509 567
509 570
509 572
509 573
509 574
509 575
509 576
509 580
509 581
509 588
509 589
509 590
509 591
509 592
509 593
510 452
510 453
510 455
510 456
510 458
510 459
510 461
510 462
510 463
510 465
510 466
510 467
510 469
510 472
510 476
510 477
510 478
510 479
510 481
510 483
510 486
510 487
510 490
510 492
510 494
510 497
510 498
510 500
510 501
510 504
510 507
510 508
510 509
510 510
510 511
510 512
510 514
510 515
510 521
510 548
510 549
510 550
510 551
510 552
510 553
510 554
510 555
510 556
510 557
510 558
510 559
510 560
510 561
510 562
510 563
510 564
510 566
510 570
510 576
510 588
510 589
510 591
511 453
511 455
511 456
511 457
511 458
511 459
511 461
511 464
511 465
511 466
511 467
511 469
511 474
511 475
511 476
511 477
511 478
511 479
511 481
511 483
511 486
511 487
511 488
511 489
511 490
511 492
511 499
511 500
511 501
511 506
511 508
511 510
511 511
511 512
511 513
511 514
511 518
511 521
511 523
511 524
511 546
511 547
511 548
511 549
511 550
511 551
511 552
511 553
511 557
511 558
511 559
511 560
511 562
511 563
511 566
511 568
511 569
511 575
511 576
511 577
511 589
511 591
512 453
512 454
512 455
512 456
512 457
512 458
512 459
512 460
512 461
512 463
512 464
512 465
512 467
512 468
512 469
512 471
512 472
512 473
512 474
512 475
512 476
512 477
512 478
512 481
512 482
512 491
512 492
512 498
512 499
512 500
512 506
512 507
512 508
512 510
512 511
512 512
512 513
512 514
512 515
512 516
512 517
512 518
512 521
512 522
512 523
512 524
512 525
512 526
512 546
512 547
512 548
512 549
512 550
512 551
512 552
512 553
512 559
512 562
512 566
512 567
512 568
512 569
512 570
512 575
512 591
513 450
513 451
513 452
513 453
513 454
513 455
513 456
513 457
513 458
513 459
513 463
513 464
513 467
513 468
513 469
513 470
513 471
513 472
513 474
513 475
513 476
513 477
513 478
513 480
513 481
513 482
513 483
513 490
513 491
513 492
513 493
513 497
513 498
513 499
513 507
513 508
513 512
513 513
513 514
513 515
513 518
513 519
513 521
513 546
513 547
513 548
513 549
513 553
513 559
513 560
513 568
513 569
513 570
513 571
514 451
514 458
514 462
514 463
514 464
514 467
514 468
514 469
514 470
514 471
514 472
514 476
514 477
514 478
514 479
514 480
514 481
514 482
514 483
514 488
514 489
514 490
514 491
514 497
514 498
514 499
514 507
514 508
514 509
514 512
514 513
514 514
514 515
514 516
514 517
514 518
514 519
514 520
514 521
514 522
514 547
514 548
514 549
514 550
514 551
514 552
514 553
514 567
514 568
514 569
514 570
514 571
515 449
515 450
515 451
515 457
515 458
515 460
515 461
515 462
515 466
515 467
515 468
515 469
515 470
515 471
515 472
515 478
515 479
515 491
515 492
515 499
515 504
515 505
515 506
515 507
515 508
515 512
515 513
515 516
515 517
515 518
515 522
515 523
515 527
515 529
515 530
515 531
515 534
515 544
515 545
515 546
515 547
515 548
515 549
515 551
515 567
515 570
515 571
516 450
516 460
516 461
516 462
516 466
516 467
516 468
516 469
516 470
516 471
516 472
516 478
516 490
516 491
516 492
516 499
516 504
516 505
516 506
516 507
516 511
516 512
516 513
516 517
516 518
516 523
516 524
516 525
516 527
516 528
516 529
516 530
516 531
516 532
516 533
516 534
516 535
516 540
516 543
516 544
516 545
516 546
516 548
516 570
517 460
517 461
517 463
517 464
517 465
517 466
517 467
517 468
517 469
517 470
517 471
517 472
517 477
517 478
517 487
517 488
517 489
517 490
517 491
517 502
517 503
517 504
517 505
517 506
517 507
517 510
517 511
517 512
517 513
517 521
517 522
517 523
517 524
517 527
517 528
517 529
517 530
517 533
517 540
517 544
517 545
517 550
517 551
517 552
517 553
517 554
517 555
517 556
517 570
518 459
518 460
518 461
518 463
518 464
518 465
518 466
518 468
518 469
518 472
518 473
518 477
518 478
518 489
518 491
518 500
518 501
518 502
518 503
518 505
518 506
518 507
518 508
518 512
518 513
518 514
518 521
518 523
518 524
518 525
518 526
518 527
518 528
518 529
518 530
518 531
518 534
518 540
518 542
518 543
518 544
518 545
518 546
518 547
518 548
518 549
518 550
518 555
518 556
518 557
519 462
519 463
519 466
519 467
519 468
519 469
519 472
519 478
519 486
519 490
519 491
519 493
519 499
519 500
519 501
519 506
519 507
519 512
519 513
519 519
519 520
519 521
519 523
519 524
519 525
519 528
519 529
519 530
519 531
519 532
519 533
519 534
519 535
519 539
519 540
519 542
519 543
519 544
519 545
519 546
519 547
519 548
519 550
519 556
519 557
519 558
520 461
520 462
520 467
520 468
520 471
520 472
520 485
520 486
520 488
520 489
520 490
520 491
520 492
520 493
520 499
520 500
520 501
520 505
520 506
520 511
520 512
520 513
520 517
520 518
520 519
520 521
520 522
520 523
520 525
520 526
520 529
520 530
520 531
520 534
520 535
520 538
520 539
520 540
520 542
520 543
520 546
520 547
520 548
520 549
520 550
520 551
520 552
520 553
520 554
520 555
520 558
521 461
521 471
521 472
521 473
521 474
521 486
521 487
521 488
521 489
521 490
521 491
521 492
521 500
521 501
521 502
521 505
521 506
521 511
521 512
521 513
521 516
521 517
521 519
521 520
521 521
521 522
521 523
521 524
521 525
521 526
521 529
521 530
521 531
521 532
521 534
521 535
521 536
521 537
521 538
521 540
521 541
521 542
521 547
521 548
521 552
521 555
521 558
522 467
522 468
522 469
522 470
522 471
522 472
522 473
522 482
522 483
522 484
522 485
522 486
522 487
522 488
522 491
522 492
522 501
522 504
522 505
522 506
522 511
522 512
522 513
522 516
522 517
522 518
522 521
522 522
522 525
522 529
522 531
522 532
522 534
522 535
522 536
522 537
522 538
522 540
522 542
522 543
522 547
522 551
522 552
522 553
522 554
522 555
522 556
523 465
523 466
523 467
523 468
523 469
523 470
523 471
523 482
523 483
523 485
523 486
523 487
523 488
523 489
523 490
523 492
523 497
523 498
523 499
523 500
523 501
523 503
523 504
523 506
523 512
523 513
523 516
523 517
523 518
523 522
523 523
523 531
523 532
523 535
523 536
523 537
523 538
523 540
523 541
523 542
523 543
523 544
523 545
523 546
523 553
523 554
523 555
523 556
524 466
524 467
524 468
524 469
524 470
524 471
524 484
524 485
524 486
524 488
524 490
524 491
524 492
524 497
524 498
524 500
524 501
524 502
524 503
524 513
524 518
524 519
524 520
524 521
524 522
524 532
524 535
524 536
524 540
524 541
524 555
524 556
525 468
525 469
525 470
525 483
525 484
525 486
525 488
525 489
525 492
525 493
525 497
525 498
525 502
525 503
525 518
525 520
525 521
525 522
525 523
525 524
525 541
525 542
525 543
525 544
525 556
525 557
526 468
526 469
526 470
526 484
526 487
526 488
526 489
526 490
526 491
526 492
526 498
526 500
526 501
526 502
526 503
526 518
526 519
526 520
526 522
526 541
526 542
526 543
526 556
527 469
527 470
527 471
527 486
527 487
527 488
527 489
527 490
527 492
527 501
527 502
527 519
527 520
527 521
527 541
527 542
527 543
527 544
527 545
527 546
527 547
527 569
527 571
528 464
528 465
528 466
528 467
528 468
528 469
528 470
528 471
528 487
528 488
528 520
528 542
528 543
528 544
528 545
528 546
528 547
528 548
528 549
528 550
528 551
528 552
528 553
528 569
528 570
528 571
529 464
529 465
529 466
529 468
529 469
529 470
529 471
529 472
529 484
529 487
529 516
529 518
529 519
529 520
529 521
529 522
529 523
529 524
529 525
529 539
529 540
529 541
529 542
529 543
529 544
529 545
529 548
529 552
529 565
529 569
529 570
529 571
530 467
530 468
530 470
530 471
530 472
530 484
530 487
530 514
530 516
530 517
530 518
530 519
530 520
530 521
530 522
530 523
530 524
530 538
530 539
530 540
530 543
530 544
530 545
530 546
530 547
530 552
530 553
530 565
530 566
530 567
530 568
530 569
530 570
530 572
531 471
531 472
531 473
531 483
531 484
531 485
531 486
531 487
531 488
531 513
531 514
531 515
531 516
531 520
531 521
531 522
531 523
531 537
531 538
531 540
531 543
531 545
531 546
531 547
531 548
531 566
531 567
531 568
531 569
531 570
531 571
531 572
532 471
532 472
532 483
532 484
532 486
532 487
532 512
532 513
532 516
532 521
532 524
532 525
532 526
532 538
532 543
532 546
532 553
532 566
532 570
532 571
532 572
532 573
533 466
533 467
533 469
533 470
533 471
533 472
533 473
533 474
533 475
533 476
533 483
533 484
533 486
533 487
533 513
533 514
533 518
533 519
533 520
533 521
533 522
533 523
533 524
533 525
533 536
533 537
533 538
533 539
533 546
533 547
533 549
533 550
533 552
533 553
533 566
533 569
533 570
533 572
533 573
533 574
533 575
534 466
534 467
534 468
534 469
534 470
534 472
534 476
534 484
534 485
534 515
534 516
534 517
534 518
534 520
534 521
534 522
534 523
534 535
534 536
534 537
534 538
534 544
534 545
534 546
534 547
534 548
534 549
534 550
534 551
534 552
534 566
534 567
534 568
534 569
534 570
535 469
535 470
535 472
535 483
535 484
535 485
535 486
535 508
535 515
535 516
535 517
535 518
535 520
535 523
535 543
535 544
535 545
535 546
535 548
535 550
535 551
535 552
535 559
535 564
535 565
535 566
535 567
535 568
535 570
536 469
536 470
536 471
536 472
536 484
536 507
536 508
536 509
536 510
536 511
536 512
536 513
536 514
536 515
536 516
536 517
536 518
536 520
536 541
536 542
536 543
536 544
536 545
536 546
536 549
536 550
536 551
536 554
536 558
536 559
536 563
536 564
536 565
536 566
536 567
536 568
536 569
536 570
536 571
536 572
536 573
536 574
536 575
536 576
536 578
537 472
537 507
537 508
537 509
537 510
537 511
537 512
537 515
537 516
537 517
537 518
537 519
537 520
537 521
537 542
537 549
537 550
537 551
537 552
537 553
537 554
537 555
537 556
537 557
537 558
537 559
537 560
537 561
537 562
537 563
537 564
537 565
537 567
537 568
537 569
537 571
537 572
537 573
537 575
537 576
537 577
537 578
538 472
538 506
538 507
538 510
538 511
538 512
538 517
538 519
538 520
538 521
538 522
538 525
538 526
538 550
538 551
538 552
538 554
538 555
538 557
538 558
538 559
538 560
538 561
538 562
538 563
538 564
538 567
538 569
538 570
538 572
538 578
538 579
539 506
539 507
539 508
539 509
539 510
539 511
539 512
539 514
539 515
539 516
539 517
539 518
539 519
539 520
539 521
539 523
539 524
539 525
539 526
539 527
539 551
539 552
539 560
539 561
539 570
539 573
539 574
539 579
540 507
540 508
540 509
540 510
540 511
540 513
540 514
540 516
540 517
540 519
540 520
540 521
540 522
540 523
540 551
540 552
540 553
540 554
540 559
540 560
540 561
540 563
540 568
540 569
540 570
540 571
540 572
540 573
541 508
541 509
541 511
541 516
541 518
541 519
541 521
541 523
541 551
541 552
541 553
541 554
541 560
541 561
541 562
541 563
541 564
541 565
541 566
541 567
541 568
541 569
541 570
541 571
542 509
542 510
542 519
542 520
542 521
542 551
542 552
542 561
542 562
542 563
542 564
542 565
542 566
542 567
543 509
543 510
543 521
543 522
543 552
543 553
543 554
543 555
543 562
543 563
543 564
543 566
543 567
543 568
543 569
544 510
544 511
544 519
544 520
544 521
544 522
544 552
544 553
544 561
544 562
544 563
544 564
544 566
544 567
544 568
545 520
545 521
545 522
545 523
545 524
545 525
545 526
545 551
545 552
545 553
545 554
545 561
545 563
545 567
546 518
546 519
546 520
546 521
546 522
546 523
546 526
546 550
546 551
546 552
546 553
546 554
546 561
546 562
546 563
546 564
547 516
547 519
547 520
547 522
547 526
547 527
547 550
547 551
547 552
547 553
547 554
548 516
548 518
548 522
548 523
548 549
548 550
548 551
548 552
548 553
548 555
548 556
549 516
549 517
549 518
549 519
549 520
549 521
549 522
549 523
549 524
549 525
549 526
549 527
549 528
549 549
549 550
549 551
549 552
549 553
549 554
549 555
549 556
549 557
549 558
549 559
550 514
550 515
550 516
550 517
550 518
550 519
550 520
550 521
550 522
550 523
550 524
550 548
550 549
550 553
550 554
550 555
550 556
550 557
551 515
551 516
551 518
551 523
551 549
551 550
551 553
551 554
551 556
551 557
551 558
551 559
551 560
551 561
551 564
551 576
551 577
552 523
552 549
552 554
552 555
552 556
552 557
552 559
552 560
552 563
552 564
552 565
552 566
552 577
553 522
553 523
553 524
553 549
553 553
553 554
553 555
553 559
553 562
553 563
553 575
553 576
553 577
553 578
553 579
554 511
554 512
554 513
554 514
554 515
554 523
554 524
554 549
554 553
554 554
554 558
554 559
554 560
554 561
554 562
554 576
554 577
554 578
555 515
555 519
555 520
555 521
555 522
555 523
555 524
555 550
555 551
555 552
555 553
555 554
555 561
555 562
555 574
555 575
555 576
556 514
556 515
556 516
556 517
556 518
556 519
556 520
556 521
556 522
556 524
556 525
556 552
556 553
556 559
556 560
556 561
556 562
556 575
557 515
557 519
557 520
557 521
557 522
557 523
557 525
557 526
557 527
557 552
557 561
557 571
557 573
557 574
557 575
557 576
557 577
558 515
558 518
558 519
558 520
558 521
558 523
558 524
558 527
558 528
558 529
558 530
558 560
558 561
558 562
558 566
558 571
558 572
558 573
558 574
558 575
558 576
559 518
559 519
559 520
559 521
559 523
559 524
559 525
559 526
559 527
559 528
559 529
559 560
559 561
559 562
559 563
559 564
559 565
559 566
559 571
559 572
559 573
559 576
559 577
559 578
559 580
560 519
560 520
560 521
560 522
560 523
560 525
560 526
560 527
560 559
560 560
560 563
560 564
560 565
560 566
560 569
560 570
560 571
560 573
560 574
560 575
560 576
560 577
560 578
560 580
560 583
560 584
561 518
561 519
561 521
561 522
561 526
561 556
561 557
561 558
561 559
561 560
561 561
561 563
561 565
561 566
561 567
561 568
561 569
561 570
561 574
561 575
561 576
561 577
561 578
561 579
561 580
561 583
561 584
562 518
562 519
562 520
562 521
562 558
562 559
562 564
562 565
562 566
562 567
562 568
562 569
562 570
562 571
562 572
562 573
562 575
562 576
562 577
562 579
562 582
562 583
562 589
563 520
563 521
563 557
563 558
563 559
563 564
563 565
563 567
563 568
563 569
563 570
563 571
563 572
563 573
563 574
563 575
563 576
563 577
563 578
563 579
563 580
563 581
563 582
563 583
563 584
563 585
563 586
563 587
563 588
563 589
563 590
564 520
564 521
564 522
564 523
564 555
564 556
564 557
564 558
564 559
564 565
564 570
564 572
564 573
564 574
564 576
564 578
564 579
564 585
564 586
564 588
564 590
564 591
564 592
565 518
565 519
565 520
565 556
565 557
565 564
565 565
565 568
565 573
565 578
565 579
565 586
565 587
565 588
565 589
565 590
565 591
565 592
566 520
566 521
566 522
566 555
566 556
566 557
566 562
566 563
566 564
566 565
566 566
566 567
566 568
566 577
566 578
566 586
566 587
566 588
566 589
566 590
567 514
567 519
567 520
567 521
567 522
567 556
567 566
567 567
567 568
567 570
567 571
567 578
567 586
567 588
568 508
568 511
568 513
568 514
568 518
568 520
568 521
568 522
568 556
568 567
568 568
568 569
568 570
568 578
568 586
568 588
569 496
569 499
569 501
569 507
569 508
569 509
569 510
569 511
569 512
569 513
569 514
569 515
569 516
569 517
569 518
569 519
569 520
569 521
569 522
569 565
569 568
569 569
569 570
569 571
569 576
569 577
569 578
569 579
569 586
569 588
569 589
570 495
570 496
570 497
570 498
570 499
570 500
570 501
570 502
570 503
570 507
570 508
570 509
570 511
570 512
570 513
570 514
570 516
570 517
570 520
570 521
570 522
570 523
570 524
570 525
570 526
570 527
570 528
570 529
570 530
570 560
570 562
570 565
570 566
570 567
570 568
570 569
570 570
570 571
570 572
570 573
570 574
570 575
570 576
570 577
570 578
570 579
570 586
570 587
570 588
570 589
571 495
571 496
571 498
571 501
571 502
571 503
571 504
571 505
571 506
571 507
571 508
571 509
571 513
571 514
571 516
571 520
571 521
571 526
571 560
571 561
571 562
571 563
571 565
571 566
571 567
571 571
571 574
571 578
571 589
571 590
572 494
572 495
572 500
572 501
572 502
572 503
572 504
572 505
572 506
572 508
572 509
572 514
572 518
572 520
572 521
572 522
572 523
572 524
572 563
572 564
572 565
572 566
572 567
572 569
572 589
572 590
572 591
572 592
572 593
573 495
573 501
573 503
573 506
573 507
573 508
573 509
573 510
573 511
573 512
573 513
573 514
573 515
573 518
573 519
573 520
573 521
573 522
573 523
573 524
573 561
573 562
573 563
573 564
573 566
573 567
573 568
573 569
573 570
573 589
573 590
573 593
574 495
574 501
574 502
574 503
574 504
574 507
574 508
574 510
574 511
574 512
574 513
574 514
574 515
574 518
574 519
574 520
574 521
574 522
574 523
574 524
574 525
574 526
574 559
574 560
574 561
574 564
574 568
574 569
574 570
574 571
574 572
574 589
574 590
574 593
574 594
575 495
575 501
575 502
575 503
575 504
575 510
575 512
575 515
575 517
575 518
575 519
575 520
575 523
575 525
575 526
575 527
575 528
575 558
575 559
575 560
575 566
575 567
575 568
575 569
575 570
575 571
575 572
575 573
576 500
576 501
576 502
576 504
576 509
576 510
576 511
576 515
576 517
576 518
576 519
576 520
576 521
576 525
576 526
576 552
576 553
576 554
576 555
576 556
576 557
576 558
576 559
576 560
576 561
576 566
576 567
576 568
576 569
576 570
576 571
576 573
576 574
577 499
577 500
577 502
577 504
577 505
577 511
577 517
577 519
577 520
577 521
577 522
577 526
577 557
577 558
577 560
577 566
577 567
577 568
577 569
577 570
577 572
577 573
577 574
578 498
578 499
578 500
578 502
578 512
578 513
578 514
578 515
578 516
578 517
578 518
578 519
578 520
578 521
578 522
578 526
578 527
578 528
578 556
578 557
578 558
578 566
578 567
578 568
578 570
578 571
578 572
578 573
578 574
578 575
578 576
578 577
578 579
579 500
579 513
579 514
579 515
579 516
579 522
579 523
579 524
579 525
579 526
579 527
579 555
579 556
579 557
579 558
579 559
579 563
579 564
579 565
579 566
579 568
579 569
579 571
579 573
579 575
579 576
579 577
579 578
579 579
579 580
579 582
580 500
580 513
580 514
580 520
580 521
580 522
580 524
580 555
580 557
580 558
580 559
580 560
580 564
580 565
580 566
580 569
580 571
580 573
580 577
580 578
580 579
580 580
580 581
580 582
581 514
581 521
581 522
581 524
581 525
581 526
581 558
581 560
581 562
581 563
581 564
581 565
581 566
581 567
581 569
581 571
581 572
581 573
581 574
581 579
581 580
582 522
582 523
582 526
582 567
582 570
582 571
582 572
582 573
582 574
583 519
583 520
583 521
583 522
583 523
583 525
583 526
583 566
583 567
583 572
583 573
583 574
583 575
583 576
584 518
584 519
584 520
584 522
584 523
584 525
584 526
584 567
584 571
584 572
584 573
584 574
584 577
585 520
585 526
585 527
585 567
585 571
585 572
585 573
585 574
585 575
585 577
586 565
586 566
586 567
586 572
586 575
586 576
586 577
586 578
587 565
587 567
587 574
587 575
587 576
587 577
588 567
588 575
588 576
588 577
589 567
589 576
589 577
590 567
590 576
591 567
