1.895404382621 5.036952602414
2.019039440949 5.252273428047
2.100527758489 5.402677381872
2.180097356198 5.549076084895
2.258446325747 5.690359454324
2.311641046861 5.783825182330
2.384027948020 5.908082938169
2.436029607735 5.996452088619
2.490009936612 6.086774726912
2.546735361080 6.180016653653
2.594514727342 6.259581464065
2.644851963623 6.343880434126
2.689813341476 6.418364935936
2.735680636700 6.493753839852
2.776578463689 6.561030665897
2.819961043054 6.633318433280
2.859032758449 6.698268054115
2.898220345648 6.762729506932
2.936193451725 6.825460036255
2.974728828541 6.890609120147
3.010932657991 6.952728644625
3.038196543393 6.998509642251
3.069135070766 7.050122520269
3.091059742731 7.085901464366
3.112781615484 7.120444372392
3.144324462732 7.170119543450
3.167923243423 7.207118856208
3.191412103153 7.243512974665
3.214313457936 7.278628942321
3.243169493889 7.322510433997
3.268210342764 7.360739903058
3.291841124180 7.396948602621
3.311003703908 7.425953657078
3.333319704391 7.459338895220
3.359072235290 7.497761700623
3.386019288129 7.538494999413
3.411523875118 7.577633832603
3.433014963444 7.610852790395
3.453542035279 7.642524134233
3.471703907723 7.670428522191
3.491790388866 7.701200180857
3.509941997834 7.728855823853
3.526360153349 7.753623546560
3.540054132319 7.774015077251
3.553678470183 7.793999089504
3.566433472449 7.812378205989
3.583113300138 7.835974581722
3.598923783918 7.858254182186
3.618119153679 7.885329239273
3.638953143446 7.914983005848
3.660609612685 7.946263643581
3.682216927166 7.977968093129
3.700187997039 8.004699510550
3.716361081564 8.028781162487
3.729848575867 8.048788283534
3.743789416063 8.069342366812
3.756326227338 8.087640287779
3.767091845741 8.103191752286
3.780501642679 8.122371243407
3.793534656652 8.140898460608
