0.000000000000 2.079441541680
0.693147180560 2.995732273554
1.098612288668 3.496507561466
1.386294361120 3.871201010908
1.609437912434 4.219507705176
1.791759469228 4.564348191468
1.945910149055 4.762173934798
2.079441541680 4.976733742421
2.197224577336 5.225746673713
2.302585092994 5.398162701518
2.397895272798 5.579729825986
2.484906649788 5.743003187809
2.564949357462 5.894402834265
2.639057329615 6.001414877961
2.708050201102 6.086774726912
2.772588722240 6.161207321695
2.833213344056 6.249975242259
2.890371757896 6.342121418721
2.944438979166 6.419994928147
2.995732273554 6.505784060128
3.044522437723 6.575075840600
3.091042453358 6.647688373563
3.135494215929 6.705639094860
3.178053830348 6.770789423909
3.218875824868 6.842683282238
3.258096538021 6.898714534330
3.295836866004 6.956545443152
3.332204510175 7.018401799069
3.367295829986 7.072421900537
3.401197381662 7.118826249062
3.433987204485 7.161622002939
3.465735902800 7.197435354097
3.496507561466 7.237059026125
3.526360524616 7.275172319453
3.555348061489 7.310550158534
3.583518938456 7.341483852363
3.610917912644 7.375255778010
3.637586159726 7.415175109613
3.663561646130 7.454141078147
3.688879454114 7.504391559161
3.713572066704 7.540090320145
3.737669618283 7.574558484202
3.761200115694 7.613324979541
3.784189633918 7.653020413804
3.806662489770 7.684324067681
3.828641396489 7.711996507048
3.850147601710 7.741099090035
3.871201010908 7.768533300926
3.891820298111 7.797702035517
3.912023005428 7.822845290280
3.931825632724 7.847762537474
3.951243718581 7.872836175026
3.970291913552 7.900266036768
3.988984046564 7.928766321627
4.007333185232 7.951911381854
4.025351690735 7.980707820870
4.043051267835 8.011023379186
4.060443010546 8.047509510981
4.077537443906 8.080856419641
4.094344562222 8.104401307922
4.110873864173 8.128290171607
4.127134385045 8.148156439922
4.143134726392 8.169053149927
4.158883083360 8.190908881183
4.174387269896 8.206037762779
4.189654742026 8.224163512638
4.204692619391 8.240648863375
4.219507705176 8.254008590565
4.234106504597 8.264878262802
