0.000000000000 0.000000000000
0.693147180560 2.079441541680
1.098612288668 2.995732273554
1.386294361120 3.465735902800
1.609437912434 3.828641396489
1.791759469228 4.143134726392
1.945910149055 4.418840607797
2.079441541680 4.634728988230
2.197224577336 4.844187086459
2.302585092994 5.036952602414
2.397895272798 5.252273428047
2.484906649788 5.402677381872
2.564949357462 5.549076084895
2.639057329615 5.690359454324
2.708050201102 5.783825182330
2.772588722240 5.908082938169
2.833213344056 5.996452088619
2.890371757896 6.086774726912
2.944438979166 6.180016653653
2.995732273554 6.259581464065
3.044522437723 6.343880434126
3.091042453358 6.418364935936
3.135494215929 6.493753839852
3.178053830348 6.561030665897
3.218875824868 6.633318433280
3.258096538021 6.698268054115
3.295836866004 6.762729506932
3.332204510175 6.825460036255
3.367295829986 6.890609120147
3.401197381662 6.952728644625
3.433987204485 6.998509642251
3.465735902800 7.050122520269
3.496507561466 7.085901464366
3.526360524616 7.120444372392
3.555348061489 7.170119543450
3.583518938456 7.207118856208
3.610917912644 7.243512974665
3.637586159726 7.278628942321
3.663561646130 7.322510433997
3.688879454114 7.360739903058
3.713572066704 7.396948602621
3.737669618283 7.425953657078
3.761200115694 7.459338895220
3.784189633918 7.497761700623
3.806662489770 7.538494999413
3.828641396489 7.577633832603
3.850147601710 7.610852790395
3.871201010908 7.642524134233
3.891820298111 7.670428522191
3.912023005428 7.701200180857
3.931825632724 7.728855823853
3.951243718581 7.753623546560
3.970291913552 7.774015077251
3.988984046564 7.793999089504
4.007333185232 7.812378205989
4.025351690735 7.835974581722
4.043051267835 7.858254182186
4.060443010546 7.885329239273
4.077537443906 7.914983005848
4.094344562222 7.946263643581
4.110873864173 7.977968093129
4.127134385045 8.004699510550
4.143134726392 8.028781162487
4.158883083360 8.048788283534
4.174387269896 8.069342366812
4.189654742026 8.087640287779
4.204692619391 8.103191752286
4.219507705176 8.122371243407
4.234106504597 8.140898460608
