0.000000000000 -inf
0.010000000000 -inf
0.020000000000 -inf
0.030000000000 -inf
0.040000000000 -inf
0.050000000000 -inf
0.060000000000 -inf
0.070000000000 -inf
0.080000000000 -inf
0.090000000000 -inf
0.100000000000 -inf
0.110000000000 -inf
0.120000000000 -inf
0.130000000000 -inf
0.140000000000 -inf
0.150000000000 -inf
0.160000000000 -inf
0.170000000000 -inf
0.180000000000 -inf
0.190000000000 -inf
0.200000000000 -inf
0.210000000000 -inf
0.220000000000 -inf
0.230000000000 -inf
0.240000000000 -inf
0.250000000000 -inf
0.260000000000 -inf
0.270000000000 -inf
0.280000000000 -inf
0.290000000000 -inf
0.300000000000 -inf
0.310000000000 -inf
0.320000000000 -inf
0.330000000000 -inf
0.340000000000 -inf
0.350000000000 -inf
0.360000000000 -inf
0.370000000000 -inf
0.380000000000 -inf
0.390000000000 -inf
0.400000000000 -inf
0.410000000000 -inf
0.420000000000 -inf
0.430000000000 -inf
0.440000000000 -inf
0.450000000000 -inf
0.460000000000 -inf
0.470000000000 -inf
0.480000000000 -inf
0.490000000000 -0.714177645082
0.500000000000 -0.693986958650
0.510000000000 -0.674196779273
0.520000000000 -0.654791587489
0.530000000000 -0.635756756424
0.540000000000 -0.617078482575
0.550000000000 -0.598743725666
0.560000000000 -0.580740153953
0.570000000000 -0.563056094416
0.580000000000 -0.545680487320
0.590000000000 -0.528602844713
0.600000000000 -0.511813212471
0.610000000000 -0.495302135537
0.620000000000 -0.479060626065
0.630000000000 -0.463080134195
0.640000000000 -0.447352521227
0.650000000000 -0.431870034981
0.660000000000 -0.416625287176
0.670000000000 -0.401611232652
0.680000000000 -0.386821150315
0.690000000000 -0.372248625675
0.700000000000 -0.357887534892
0.710000000000 -0.343732030245
0.720000000000 -0.329776526967
0.730000000000 -0.316015691415
0.740000000000 -0.302444430558
0.750000000000 -0.289057882800
0.760000000000 -0.275851410188
0.770000000000 -0.262820592090
0.780000000000 -0.249961220497
0.790000000000 -0.237269297149
0.800000000000 -0.224741032810
0.810000000000 -0.212372849124
0.820000000000 -0.200161383695
0.830000000000 -0.188103499287
0.840000000000 -0.176196298465
0.850000000000 -0.164437145608
0.860000000000 -0.152823699157
0.870000000000 -0.141353958510
0.880000000000 -0.130026332471
0.890000000000 -0.118839740352
0.900000000000 -0.107793764411
0.910000000000 -0.096888886058
0.920000000000 -0.086126865363
0.930000000000 -0.075511379436
0.940000000000 -0.065049161398
0.950000000000 -0.054752194222
0.960000000000 -0.044642394890
0.970000000000 -0.034763188986
0.980000000000 -0.025215388467
0.990000000000 -0.016326708821
1.000000000000 -0.010733278083
1.010000000000 -0.016261698897
1.020000000000 -0.025087391002
1.030000000000 -0.034763053014
1.040000000000 -inf
1.050000000000 -inf
1.060000000000 -inf
1.070000000000 -inf
1.080000000000 -inf
1.090000000000 -inf
1.100000000000 -inf
1.110000000000 -inf
1.120000000000 -inf
1.130000000000 -inf
1.140000000000 -inf
1.150000000000 -inf
1.160000000000 -inf
1.170000000000 -inf
1.180000000000 -inf
1.190000000000 -inf
1.200000000000 -inf
1.210000000000 -inf
1.220000000000 -inf
1.230000000000 -inf
1.240000000000 -inf
1.250000000000 -inf
1.260000000000 -0.030982583277
1.270000000000 -inf
1.280000000000 -inf
1.290000000000 -inf
1.300000000000 -inf
1.310000000000 -inf
1.320000000000 -inf
1.330000000000 -inf
1.340000000000 -inf
1.350000000000 -inf
1.360000000000 -inf
1.370000000000 -inf
1.380000000000 -inf
1.390000000000 -inf
1.400000000000 -inf
1.410000000000 -inf
1.420000000000 -inf
1.430000000000 -inf
1.440000000000 -inf
1.450000000000 -inf
1.460000000000 -inf
1.470000000000 -inf
1.480000000000 -inf
1.490000000000 -inf
1.500000000000 -inf
1.510000000000 -inf
1.520000000000 -inf
1.530000000000 -inf
1.540000000000 -inf
1.550000000000 -inf
1.560000000000 -inf
1.570000000000 -inf
1.580000000000 -0.030982583277
1.590000000000 -inf
1.600000000000 -inf
1.610000000000 -inf
1.620000000000 -inf
1.630000000000 -inf
1.640000000000 -inf
1.650000000000 -inf
1.660000000000 -inf
1.670000000000 -inf
1.680000000000 -inf
1.690000000000 -inf
1.700000000000 -inf
1.710000000000 -inf
1.720000000000 -inf
1.730000000000 -inf
1.740000000000 -inf
1.750000000000 -inf
1.760000000000 -inf
1.770000000000 -inf
1.780000000000 -inf
1.790000000000 -0.032055446840
1.800000000000 -inf
1.810000000000 -inf
1.820000000000 -inf
1.830000000000 -inf
1.840000000000 -0.032055446840
1.850000000000 -inf
1.860000000000 -inf
1.870000000000 -inf
1.880000000000 -inf
1.890000000000 -inf
1.900000000000 -inf
1.910000000000 -inf
1.920000000000 -0.031378545297
1.930000000000 -0.032055446840
1.940000000000 -inf
1.950000000000 -0.032055446840
1.960000000000 -inf
1.970000000000 -inf
1.980000000000 -0.032055446840
1.990000000000 -0.031378545297
2.000000000000 -inf
2.010000000000 -inf
2.020000000000 -inf
2.030000000000 -inf
2.040000000000 -inf
2.050000000000 -inf
2.060000000000 -inf
2.070000000000 -inf
2.080000000000 -inf
2.090000000000 -inf
2.100000000000 -inf
2.110000000000 -inf
2.120000000000 -inf
2.130000000000 -inf
2.140000000000 -inf
2.150000000000 -inf
2.160000000000 -inf
2.170000000000 -inf
2.180000000000 -inf
2.190000000000 -inf
2.200000000000 -inf
2.210000000000 -0.031378545297
2.220000000000 -inf
2.230000000000 -inf
2.240000000000 -inf
2.250000000000 -inf
2.260000000000 -inf
2.270000000000 -inf
2.280000000000 -inf
2.290000000000 -inf
2.300000000000 -inf
2.310000000000 -inf
2.320000000000 -inf
2.330000000000 -0.031378545297
2.340000000000 -inf
2.350000000000 -0.031378545297
2.360000000000 -inf
2.370000000000 -inf
2.380000000000 -inf
2.390000000000 -inf
2.400000000000 -inf
2.410000000000 -inf
2.420000000000 -inf
2.430000000000 -inf
2.440000000000 -inf
2.450000000000 -inf
2.460000000000 -0.031378545297
2.470000000000 -inf
2.480000000000 -0.031378545297
2.490000000000 -0.031378545297
2.500000000000 -inf
2.510000000000 -inf
2.520000000000 -inf
2.530000000000 -inf
2.540000000000 -inf
2.550000000000 -inf
2.560000000000 -inf
2.570000000000 -inf
2.580000000000 -inf
2.590000000000 -inf
2.600000000000 -inf
2.610000000000 -inf
2.620000000000 -inf
2.630000000000 -inf
2.640000000000 -inf
2.650000000000 -inf
2.660000000000 -inf
2.670000000000 -inf
2.680000000000 -inf
2.690000000000 -inf
2.700000000000 -inf
2.710000000000 -inf
2.720000000000 -inf
2.730000000000 -inf
2.740000000000 -inf
2.750000000000 -inf
2.760000000000 -inf
2.770000000000 -inf
2.780000000000 -inf
2.790000000000 -inf
2.800000000000 -inf
2.810000000000 -inf
2.820000000000 -inf
2.830000000000 -inf
2.840000000000 -inf
2.850000000000 -inf
2.860000000000 -inf
2.870000000000 -inf
2.880000000000 -inf
2.890000000000 -inf
2.900000000000 -inf
2.910000000000 -inf
2.920000000000 -inf
2.930000000000 -inf
2.940000000000 -inf
2.950000000000 -inf
2.960000000000 -inf
2.970000000000 -inf
2.980000000000 -0.024421833592
2.990000000000 -0.015328580395
3.000000000000 -0.009782664643
3.010000000000 -0.026147504013
3.020000000000 -inf
3.030000000000 -inf
3.040000000000 -inf
3.050000000000 -inf
3.060000000000 -inf
3.070000000000 -inf
3.080000000000 -inf
3.090000000000 -inf
3.100000000000 -inf
3.110000000000 -inf
3.120000000000 -inf
3.130000000000 -inf
3.140000000000 -inf
3.150000000000 -inf
3.160000000000 -inf
3.170000000000 -inf
3.180000000000 -inf
3.190000000000 -inf
3.200000000000 -inf
3.210000000000 -inf
3.220000000000 -inf
3.230000000000 -0.031378545297
3.240000000000 -inf
3.250000000000 -0.031378545297
3.260000000000 -inf
3.270000000000 -inf
3.280000000000 -inf
3.290000000000 -inf
3.300000000000 -inf
3.310000000000 -0.031378545297
3.320000000000 -inf
3.330000000000 -inf
3.340000000000 -inf
3.350000000000 -inf
3.360000000000 -inf
3.370000000000 -inf
3.380000000000 -inf
3.390000000000 -0.030024742210
3.400000000000 -inf
3.410000000000 -0.030305681733
3.420000000000 -0.029806828585
3.430000000000 -0.028801340873
3.440000000000 -0.024014657085
3.450000000000 -0.000669729395
3.460000000000 0.000787154148
3.470000000000 0.001108422458
3.480000000000 0.001297164707
3.490000000000 0.001430426935
3.500000000000 0.001533001460
3.510000000000 0.001616063318
3.520000000000 0.001685615325
3.530000000000 0.001745257299
3.540000000000 0.001797318948
3.550000000000 0.001644687471
3.560000000000 0.001520997478
3.570000000000 0.001330749179
3.580000000000 0.001521786802
3.590000000000 0.002252485563
3.600000000000 -0.000526182332
3.610000000000 0.001351595715
3.620000000000 0.001296461297
3.630000000000 0.001797285380
3.640000000000 0.002159537848
3.650000000000 0.002493266525
3.660000000000 0.002084792083
3.670000000000 0.002419183908
3.680000000000 0.003167974554
3.690000000000 0.002698289412
3.700000000000 0.003409264236
3.710000000000 0.002693999872
3.720000000000 -0.000100232018
3.730000000000 0.001615949700
3.740000000000 0.004022595554
3.750000000000 0.003896421330
3.760000000000 0.002684504050
3.770000000000 0.003227696293
3.780000000000 0.003000697728
3.790000000000 0.003831073431
3.800000000000 0.003740589236
3.810000000000 0.001393046063
3.820000000000 0.003414047865
3.830000000000 0.004280868636
3.840000000000 0.004291503137
3.850000000000 0.004303717185
3.860000000000 0.004187524555
3.870000000000 0.000910673209
3.880000000000 0.003676651510
3.890000000000 0.001875777544
3.900000000000 0.002488457114
3.910000000000 0.004285187933
3.920000000000 0.001835247694
3.930000000000 0.002683638129
3.940000000000 0.003487809213
3.950000000000 0.003275586997
3.960000000000 0.003410107551
3.970000000000 0.001967201468
3.980000000000 0.000193996160
3.990000000000 0.004404541518
4.000000000000 0.003881828615
