0.000000000000 -inf
0.010000000000 -inf
0.020000000000 -inf
0.030000000000 -inf
0.040000000000 -inf
0.050000000000 -inf
0.060000000000 -inf
0.070000000000 -inf
0.080000000000 -inf
0.090000000000 -inf
0.100000000000 -inf
0.110000000000 -inf
0.120000000000 -inf
0.130000000000 -inf
0.140000000000 -inf
0.150000000000 -inf
0.160000000000 -0.688132490756
0.170000000000 -0.627518656733
0.180000000000 -0.570372751026
0.190000000000 -0.516320118002
0.200000000000 -0.465043964536
0.210000000000 -0.416274126985
0.220000000000 -0.369778491405
0.230000000000 -0.325356384767
0.240000000000 -0.282833481794
0.250000000000 -0.242057951330
0.260000000000 -0.202897753663
0.270000000000 -0.165239306061
0.280000000000 -0.128988495994
0.290000000000 -0.094077637181
0.300000000000 -0.060494400012
0.310000000000 -0.028451147549
0.320000000000 -0.014537784499
0.330000000000 -inf
0.340000000000 -inf
0.350000000000 -inf
0.360000000000 -inf
0.370000000000 -inf
0.380000000000 -inf
0.390000000000 -inf
0.400000000000 -inf
0.410000000000 -inf
0.420000000000 -inf
0.430000000000 -inf
0.440000000000 -inf
0.450000000000 -inf
0.460000000000 -inf
0.470000000000 -inf
0.480000000000 -inf
0.490000000000 -inf
0.500000000000 -inf
0.510000000000 -inf
0.520000000000 -inf
0.530000000000 -inf
0.540000000000 -inf
0.550000000000 -inf
0.560000000000 -inf
0.570000000000 -inf
0.580000000000 -inf
0.590000000000 -inf
0.600000000000 -inf
0.610000000000 -inf
0.620000000000 -inf
0.630000000000 -inf
0.640000000000 -inf
0.650000000000 -0.031378545297
0.660000000000 -inf
0.670000000000 -inf
0.680000000000 -inf
0.690000000000 -inf
0.700000000000 -inf
0.710000000000 -inf
0.720000000000 -0.006990556474
0.730000000000 -inf
0.740000000000 -0.030701643753
0.750000000000 -inf
0.760000000000 -inf
0.770000000000 -inf
0.780000000000 -inf
0.790000000000 -inf
0.800000000000 -inf
0.810000000000 -inf
0.820000000000 -inf
0.830000000000 -inf
0.840000000000 -0.029806828585
0.850000000000 -inf
0.860000000000 0.000319166984
0.870000000000 0.001001115147
0.880000000000 -0.001163467065
0.890000000000 0.001867661168
0.900000000000 0.001405941150
0.910000000000 0.003173194637
0.920000000000 0.003233502298
0.930000000000 0.001495786945
0.940000000000 0.004233577696
0.950000000000 0.004083448790
0.960000000000 0.004064272014
0.970000000000 0.003059562062
0.980000000000 0.003937880267
0.990000000000 0.002970745030
1.000000000000 0.003931191467
1.010000000000 0.004493243398
1.020000000000 0.003521576847
1.030000000000 0.003841322414
1.040000000000 0.004556708046
1.050000000000 0.004936288469
1.060000000000 0.002765108353
1.070000000000 0.002894613199
1.080000000000 0.003759790689
1.090000000000 0.004861405321
1.100000000000 0.003813564919
1.110000000000 0.004426562827
1.120000000000 0.005178691830
1.130000000000 0.004735586035
1.140000000000 0.004086735494
1.150000000000 -inf
1.160000000000 0.004605230082
1.170000000000 0.004514076974
1.180000000000 0.004731637778
1.190000000000 0.005024199998
1.200000000000 -0.000625287082
1.210000000000 0.003748189167
1.220000000000 0.002707021189
1.230000000000 0.004493154039
1.240000000000 0.004342463994
1.250000000000 0.005235090533
1.260000000000 0.005298432633
1.270000000000 0.005221405068
1.280000000000 0.002127305463
1.290000000000 0.003949809564
1.300000000000 0.003313928150
1.310000000000 0.004943741645
1.320000000000 0.004237734637
1.330000000000 0.002063285817
1.340000000000 0.005074346616
1.350000000000 0.005252975037
1.360000000000 0.004127695125
1.370000000000 0.003122175824
1.380000000000 0.004700629798
1.390000000000 0.004651642204
1.400000000000 0.002224074252
1.410000000000 0.005236231700
1.420000000000 0.005429175732
1.430000000000 0.005036615710
1.440000000000 0.003082993289
1.450000000000 0.005228411693
1.460000000000 0.000383434013
1.470000000000 -inf
1.480000000000 -inf
1.490000000000 -inf
1.500000000000 -inf
1.510000000000 0.005576167632
1.520000000000 -inf
1.530000000000 0.005586373651
1.540000000000 0.005590810576
1.550000000000 0.005594919307
1.560000000000 -0.030701643753
1.570000000000 -0.029628780190
1.580000000000 0.005605763783
1.590000000000 -inf
1.600000000000 0.001497492211
1.610000000000 0.005583290810
1.620000000000 0.005645023679
1.630000000000 0.005651196605
1.640000000000 0.002655490060
1.650000000000 0.005609979713
1.660000000000 0.005664212430
1.670000000000 0.002927462006
1.680000000000 0.005623475507
1.690000000000 0.005652922187
1.700000000000 0.002491572901
1.710000000000 0.005561683321
1.720000000000 0.005551822001
1.730000000000 0.005580148314
1.740000000000 0.003389690588
1.750000000000 0.005456931208
1.760000000000 0.003278290022
1.770000000000 0.005416115257
1.780000000000 0.005233263910
1.790000000000 0.004002460081
1.800000000000 0.003774467669
1.810000000000 0.005169371099
1.820000000000 0.004597134240
1.830000000000 0.005626902326
1.840000000000 0.004358069354
1.850000000000 0.004444408532
1.860000000000 0.004230563499
1.870000000000 0.005687860309
1.880000000000 0.005268581324
1.890000000000 0.005159779507
1.900000000000 0.004445637401
1.910000000000 0.005430138965
1.920000000000 -0.011544294245
1.930000000000 0.005503822535
1.940000000000 0.001230909957
1.950000000000 0.004178619303
1.960000000000 0.004054899765
1.970000000000 0.003778727299
1.980000000000 0.004517143457
1.990000000000 0.005175062689
2.000000000000 0.004486912689
2.010000000000 0.004945851200
2.020000000000 0.004493385564
2.030000000000 0.003185719947
2.040000000000 0.005270694527
2.050000000000 0.005629664613
2.060000000000 0.004396628149
2.070000000000 0.004392672770
2.080000000000 0.004931449204
2.090000000000 0.005878364147
2.100000000000 -0.000361139518
2.110000000000 0.004029595042
2.120000000000 0.005631210431
2.130000000000 0.004417253984
2.140000000000 0.004678054014
2.150000000000 0.005189003784
2.160000000000 0.004986067116
2.170000000000 0.005133410710
2.180000000000 0.005667562353
2.190000000000 0.004239087983
2.200000000000 0.004703844804
2.210000000000 0.002714757501
2.220000000000 0.002740819187
2.230000000000 0.005541580451
2.240000000000 0.005958658185
2.250000000000 0.005498673738
2.260000000000 0.005922435423
2.270000000000 0.003863910965
2.280000000000 0.003922207376
2.290000000000 0.002580558947
2.300000000000 0.005896902866
2.310000000000 0.003736434430
2.320000000000 0.005950960707
2.330000000000 0.004031693137
2.340000000000 0.004868383483
2.350000000000 0.005917892237
2.360000000000 0.004534427271
2.370000000000 0.005591561959
2.380000000000 0.004433003336
2.390000000000 0.005022004503
2.400000000000 0.005558550859
2.410000000000 0.003296092330
2.420000000000 0.005875202228
2.430000000000 0.005959033383
2.440000000000 0.003376052275
2.450000000000 0.004248418657
2.460000000000 0.004998401312
2.470000000000 0.001529155756
2.480000000000 -0.027994037579
2.490000000000 -inf
2.500000000000 -inf
2.510000000000 -inf
2.520000000000 -inf
2.530000000000 -0.029347840666
2.540000000000 -0.028951878646
2.550000000000 -0.028274977103
2.560000000000 0.000174140634
2.570000000000 0.001716617281
2.580000000000 0.002043014976
2.590000000000 0.002235861438
2.600000000000 0.002304366400
2.610000000000 0.002174745211
2.620000000000 0.002388969316
2.630000000000 0.002173748591
2.640000000000 -0.002192958532
2.650000000000 0.001526071147
2.660000000000 0.006008191442
2.670000000000 0.003058322523
2.680000000000 0.006013362818
2.690000000000 0.006011603724
2.700000000000 0.003033791111
2.710000000000 0.003605747103
2.720000000000 0.006013735203
2.730000000000 0.006050143672
2.740000000000 0.005058443525
2.750000000000 0.005697150815
2.760000000000 0.004116127520
2.770000000000 0.005021461525
2.780000000000 0.005814479035
2.790000000000 0.004120725349
2.800000000000 0.005633562640
2.810000000000 0.006133193153
2.820000000000 0.005318114541
2.830000000000 0.004842293831
2.840000000000 0.005964978149
2.850000000000 0.004621876845
2.860000000000 0.005352921870
2.870000000000 0.003545318153
2.880000000000 0.006062641769
2.890000000000 0.005497312082
2.900000000000 0.005588413899
2.910000000000 0.004897656078
2.920000000000 0.004478834727
2.930000000000 0.003135591616
2.940000000000 0.005447259070
2.950000000000 0.006200173280
2.960000000000 0.004166183685
2.970000000000 0.005868503870
2.980000000000 0.005473704634
2.990000000000 0.006161522765
3.000000000000 0.005202097825
3.010000000000 0.004526101001
3.020000000000 0.004962851559
3.030000000000 0.003787870955
3.040000000000 0.005894665212
3.050000000000 0.006260466765
3.060000000000 0.006111024217
3.070000000000 0.005095274275
3.080000000000 0.004067396055
3.090000000000 0.005357922766
3.100000000000 0.006001774684
3.110000000000 0.003276563898
3.120000000000 0.005084041169
3.130000000000 0.006214956228
3.140000000000 0.004710448322
3.150000000000 0.002456473317
3.160000000000 0.005093119191
3.170000000000 0.006265998033
3.180000000000 0.003934073616
3.190000000000 0.006016035702
3.200000000000 0.005646182853
3.210000000000 0.004854230052
3.220000000000 0.004426534690
3.230000000000 0.004794251801
3.240000000000 0.005602973553
3.250000000000 0.006228128692
3.260000000000 0.005210362501
3.270000000000 0.005388220365
3.280000000000 0.005296100822
3.290000000000 0.005007693006
3.300000000000 0.004306825684
3.310000000000 0.005086050880
3.320000000000 0.003258802456
3.330000000000 0.005169299906
3.340000000000 0.004219220464
3.350000000000 0.004693568053
3.360000000000 0.005290028394
3.370000000000 0.005401790485
3.380000000000 0.006215689014
3.390000000000 0.006253770061
3.400000000000 0.006362219040
3.410000000000 0.004893902920
3.420000000000 0.005503494010
3.430000000000 0.005610321577
3.440000000000 0.005431521283
3.450000000000 0.003331377121
3.460000000000 0.002393678876
3.470000000000 0.003991839883
3.480000000000 0.003919921777
3.490000000000 -inf
3.500000000000 0.006397539390
3.510000000000 0.006399961489
3.520000000000 -inf
3.530000000000 0.006403591226
3.540000000000 0.006405082773
3.550000000000 0.001361160168
3.560000000000 0.006414101492
3.570000000000 0.006416303456
3.580000000000 0.002360324557
3.590000000000 0.006420988495
3.600000000000 0.002267209010
3.610000000000 -inf
3.620000000000 0.003977137165
3.630000000000 0.004526635110
3.640000000000 0.004308109042
3.650000000000 0.006078047320
3.660000000000 0.005578109939
3.670000000000 0.004866493362
3.680000000000 0.006347671983
3.690000000000 0.005092484537
3.700000000000 0.006171337691
3.710000000000 0.004910771012
3.720000000000 0.004857509587
3.730000000000 0.005933842010
3.740000000000 0.004574268352
3.750000000000 -0.001069437969
3.760000000000 0.004571829660
3.770000000000 0.006288798829
3.780000000000 0.001580619343
3.790000000000 0.003878483449
3.800000000000 0.006072976153
3.810000000000 0.003808044168
3.820000000000 0.005788365437
3.830000000000 0.006460561595
3.840000000000 0.005781397822
3.850000000000 0.006170450093
3.860000000000 0.003826679092
3.870000000000 0.005621772965
3.880000000000 0.004094447180
3.890000000000 0.003748948457
3.900000000000 0.004251886509
3.910000000000 0.005033221435
3.920000000000 0.004490447013
3.930000000000 0.006279678807
3.940000000000 0.004186184347
3.950000000000 0.006398945921
3.960000000000 0.004496191317
3.970000000000 0.005365002074
3.980000000000 0.003840234846
3.990000000000 0.006124509946
4.000000000000 0.006449091402
4.010000000000 0.005549103790
4.020000000000 0.005098446168
4.030000000000 0.005769939012
4.040000000000 0.004506950643
4.050000000000 0.004645457782
4.060000000000 0.005942985496
4.070000000000 0.006214574776
4.080000000000 0.005623999397
4.090000000000 0.006171206285
4.100000000000 0.004973334458
4.110000000000 0.005971469320
4.120000000000 0.005079750316
4.130000000000 0.006425441159
4.140000000000 0.004944322035
4.150000000000 0.006005441236
4.160000000000 0.005258468461
4.170000000000 0.005617420480
4.180000000000 0.006028405652
4.190000000000 0.005199419709
4.200000000000 0.006192727907
4.210000000000 0.005392075825
4.220000000000 0.006400722235
4.230000000000 0.006135719681
4.240000000000 0.002412223915
4.250000000000 0.005542969081
4.260000000000 0.004473670313
4.270000000000 0.004058677798
4.280000000000 0.006543452697
4.290000000000 0.005882766782
4.300000000000 0.004517324024
4.310000000000 0.003740075846
4.320000000000 0.003964418850
4.330000000000 0.003779195684
4.340000000000 0.006231395256
4.350000000000 0.005826808623
4.360000000000 0.006282912484
4.370000000000 0.004309386924
4.380000000000 0.005516207399
4.390000000000 0.002626409241
4.400000000000 0.005942869552
4.410000000000 0.006417949300
4.420000000000 0.003918118541
4.430000000000 0.006405503882
4.440000000000 0.006449967683
4.450000000000 0.005040909812
4.460000000000 0.006202614840
4.470000000000 0.006498928023
4.480000000000 0.005986087266
4.490000000000 0.006639713043
4.500000000000 -inf
4.510000000000 -inf
4.520000000000 0.006646211128
4.530000000000 -0.028670939123
4.540000000000 -inf
4.550000000000 0.001652613020
4.560000000000 0.006648705162
4.570000000000 -0.003360008875
4.580000000000 0.006633661960
4.590000000000 0.006627712048
4.600000000000 0.002884421035
4.610000000000 0.004110226340
4.620000000000 0.006213572798
4.630000000000 0.006495041409
4.640000000000 0.006034796674
4.650000000000 0.000350999054
4.660000000000 0.004920840471
4.670000000000 0.006353729732
4.680000000000 0.005793065927
4.690000000000 0.006372340199
4.700000000000 0.004274457758
4.710000000000 0.006228378299
4.720000000000 0.005424803913
4.730000000000 0.002816620866
4.740000000000 0.006153305026
4.750000000000 0.005612760131
4.760000000000 0.005240278094
4.770000000000 0.003031572677
4.780000000000 0.005122029146
4.790000000000 0.006068728210
4.800000000000 0.004113569963
4.810000000000 0.006392122851
4.820000000000 0.006113511837
4.830000000000 0.006536845449
4.840000000000 0.005254144085
4.850000000000 0.006673931134
4.860000000000 0.006128913582
4.870000000000 0.006533284150
4.880000000000 0.004662514261
4.890000000000 0.003818690298
4.900000000000 0.006333298251
4.910000000000 0.006549420064
4.920000000000 0.006160352794
4.930000000000 0.006329497610
4.940000000000 0.004579138205
4.950000000000 0.006488973729
4.960000000000 0.005326444700
4.970000000000 0.004582649658
4.980000000000 0.005423096162
4.990000000000 0.004789555823
5.000000000000 0.006609129322
