0.331051880714 -0.694544906561 -0.638758189808
-0.967289019094 -0.069926592882 -0.243848775161
-0.776225914540 0.618753892162 -0.120900581181
0.800952061256 0.574182020966 0.169678526544
0.413141835384 -0.147128160530 0.898703025607
-0.994073835052 0.057894777591 0.092007636601
0.743045680608 0.245780041253 0.622475130308
-0.539483487324 -0.458663589281 -0.706105713596
-0.156632423774 0.890242391202 0.427708742874
-0.844969632787 0.023109504038 0.534314767241
-0.775657847047 -0.060424320857 -0.628254570825
-0.309855264984 0.230604318757 -0.922394364105
0.190577581965 0.981576846260 0.013677724178
-0.976272591989 0.117004637956 0.182213448539
-0.700549046250 0.663905998035 -0.261648350983
-0.946909473802 0.306333038889 -0.097583388489
0.382290515826 0.702856223540 0.599872561917
0.025342089903 -0.383055545638 -0.923377619089
-0.709464846722 0.693164103030 -0.127213039960
-0.523476947771 -0.457169977065 -0.719004518222
-0.363139599109 0.861372490783 0.355200033335
-0.611590001768 -0.042964666953 0.790007409542
0.929246740675 -0.250770120610 0.271320551295
-0.384886410622 -0.533162318166 0.753392589164
-0.525148730364 0.667041281196 0.528464511749
0.672046501620 0.217871205520 0.707732744379
0.527902769272 0.422009266300 -0.737039242749
-0.642033964256 0.759608161394 0.103864478461
0.584053907631 -0.734099289064 0.346380234392
0.702525969138 -0.191553470313 -0.685393704886
-0.659614247155 0.535368496552 0.527531627346
-0.905182370289 0.382973946763 0.184325344481
-0.677072299805 0.725324367484 -0.124409255164
0.559402727404 0.565134080579 0.606376169997
0.816264588701 0.301509886074 -0.492751367154
0.796560397918 0.367375144737 -0.480132310409
0.543009088945 -0.798339594349 0.260374771087
-0.098130634348 -0.982247417462 -0.159876169246
-0.230303292166 -0.761218641018 -0.606223204921
0.944130377627 0.235338014207 0.230724617481
-0.463891808602 -0.090824258633 0.881223776322
0.511469494444 -0.248943564412 0.822451249614
-0.935463135671 -0.220499273779 -0.276204257866
0.885186289694 -0.198376464830 0.420823015934
0.658631385170 0.721868155655 0.212393654144
-0.365881550939 -0.389807602614 -0.845092139135
-0.483315992423 0.874153796560 -0.047547780465
0.426855120181 0.255996667803 0.867329471683
-0.075630240261 0.913468542760 -0.399819069263
-0.771053796546 0.270583175562 0.576420669247
0.890194156033 -0.277808482079 0.361077293456
-0.372193193328 -0.927666376404 -0.030121768373
0.665460141381 0.452239939291 -0.593836541098
-0.799364272339 -0.581001409379 0.153147387855
0.286367256342 -0.749802370393 -0.596481516769
0.601235959599 -0.749221086361 -0.277818438261
-0.132299806325 -0.937336940961 0.322329366264
0.812295653441 -0.118537600483 -0.571073207805
0.785695896552 0.401110249469 0.470948538497
-0.254932382006 -0.392537524443 -0.883698915077
0.533946402158 -0.610300448149 0.585179120109
-0.106860674284 -0.899680743846 0.423267475061
-0.484285126322 0.626760156893 0.610442152997
0.609913253060 -0.475012352634 -0.634325695985
0.955790603854 0.175815389891 -0.235697412507
0.875471674694 -0.363856921272 0.318052649180
0.169585301116 -0.215717897847 -0.961616666970
0.167684779823 -0.952778962190 -0.253168054509
0.410463439387 0.133397119994 -0.902067055880
-0.004421400113 -0.969642478002 0.244487046844
0.694124787155 0.072951171449 -0.716148662249
0.319853150247 0.923028072573 -0.213806313096
-0.680682090896 0.545752314679 -0.488698580064
0.756777737721 0.042244293715 0.652305814276
0.745635784775 0.663188602176 0.064870289091
-0.427983902493 -0.839643478153 -0.334407847996
0.268552681818 -0.076979525446 -0.960184154082
0.446632334490 0.874811690766 0.187680748844
0.154358285738 0.912242417462 0.379456573808
0.457791123930 -0.222060907826 0.860881083580
-0.734969004426 0.462979301078 0.495450027052
0.072409641085 0.678674520160 -0.730860957751
-0.883215903907 0.044351997511 0.466864613568
0.041810563994 0.202544195766 0.978380153877
-0.762034432897 0.642058544491 -0.084049678912
-0.289697015343 0.210201529724 -0.933751014030
-0.878250898957 -0.439034777065 0.189535809303
0.578701655661 0.792124706681 -0.194017635283
0.047214237452 -0.358235039737 -0.932436846165
-0.668033031169 0.295167345813 0.683087188603
0.290298547977 -0.563946391882 -0.773104921809
0.416584638019 -0.462793500426 0.782482853058
-0.823194205041 -0.077387905384 -0.562461032328
0.334819183881 0.216942626495 0.916968925817
0.673622685861 0.564976109878 -0.476481345238
0.276906943314 -0.016520963964 0.960754704643
0.749630774138 -0.660443833678 -0.043216258773
0.197971942020 -0.809454761299 0.552802043759
0.094802941006 0.964656899960 0.245864734634
0.132406763042 -0.073777527171 0.988445914345
0.955008390041 -0.165732543710 -0.245950602575
0.917722343217 0.164374727872 0.361616716423
0.860821262170 -0.500363192546 -0.092862425881
-0.762255716787 -0.060711984380 0.644422436899
-0.478307167661 0.794519925445 -0.374112738936
-0.403012214583 -0.200927265663 -0.892865829120
0.692872663429 0.250391599551 0.676188967040
0.930136638975 -0.347227867803 0.119493266158
-0.983631601379 0.113169783417 -0.140219374159
-0.131100168604 0.341418442957 0.930723478054
0.926053432153 0.328549968640 -0.185687799559
0.688823644833 0.603077500189 0.402267964278
-0.472757780257 -0.067177316269 -0.878628072272
-0.240195074249 0.542097389522 -0.805255702606
0.719740108802 -0.466944727617 -0.513747795259
-0.618044495990 0.581485407039 0.529051719945
-0.609624751271 -0.218033389160 -0.762114888878
-0.882683071224 0.432499984909 0.183886809826
-0.856568261358 -0.512733566221 0.058267518439
0.259435941275 0.397248190352 -0.880276585873
0.405583124266 -0.350514697011 -0.844181127774
0.765728287695 0.446355192982 -0.463062880311
0.221028399845 0.412951972351 -0.883525390124
-0.324033021746 -0.024216623948 0.945735774909
0.880893260506 0.360155653625 -0.307107422178
0.017381877488 0.767806912676 -0.640445481818
0.469425318971 0.435788902660 0.767937433798
0.903002274277 0.327315751864 0.278300720862
-0.081120062692 0.955651439605 -0.283107508571
-0.776290165999 0.575810485181 0.256546025750
-0.589763644910 -0.470674161237 0.656235229995
0.785272020987 0.271285514209 -0.556553701664
0.286887397454 0.678498099422 0.676266182995
-0.671413337516 -0.740048615664 0.039143028222
-0.736527176265 0.401500277497 -0.544357645113
-0.279136168687 -0.764303551096 -0.581311518131
-0.913663622184 -0.128202023317 0.385724029218
0.005738667909 0.830807070655 -0.556530932689
0.314374292343 -0.866411131119 -0.387944011664
-0.490720545582 0.697984947823 -0.521546123327
-0.592767272282 -0.330723051922 -0.734335906680
0.976730932743 -0.103490672820 -0.187846654648
0.879687185019 -0.256934099047 -0.400169120822
-0.209635922009 0.322936941815 0.922910890506
-0.698267609305 0.441464752383 0.563499084471
-0.676357826047 0.558581612519 -0.480131933224
-0.260310202072 -0.030134636997 0.965054662882
0.426737192775 0.897180297093 0.113854656515
0.808996417195 -0.421847493005 -0.409352524862
-0.773061134140 0.113220743545 -0.624145452689
-0.758981989281 -0.571565486715 0.311864128016
-0.438110693017 -0.612717361471 0.657751059000
0.628094988382 -0.206745515631 0.750168632600
0.251547864463 -0.544410231859 -0.800213203672
-0.457017074521 -0.729018985281 -0.509575031469
-0.536704643100 -0.516554026229 0.667173188956
0.055584537243 -0.854632820125 0.516249069719
0.913345016042 -0.348670093479 -0.210309409169
-0.559097174299 -0.708746511246 -0.430219400409
0.823612396369 -0.366529544749 0.432803319503
0.446933836916 0.066947434919 0.892058398524
0.842924722980 0.406028358092 0.353013999459
0.103530026847 -0.991071712786 -0.084014246745
0.018064516082 0.866739472581 0.498433907283
0.853731981298 0.355865291777 -0.380133658359
0.874001052684 0.190379539459 -0.447076940652
0.744341406471 -0.579899374968 -0.331168515296
0.233797886472 -0.898851415541 -0.370681374041
-0.623522848175 -0.371119560996 -0.688105754409
-0.793576662217 -0.567779417057 -0.218775260830
0.139088284074 -0.850443641248 0.507346097151
-0.827288194252 0.061436462271 0.558408277835
0.458102765248 -0.885956039057 -0.072275537565
-0.007761162780 0.990166969076 0.139675114835
-0.225319017357 -0.972392311738 0.060700350004
-0.767427775288 -0.114739755402 0.630784747950
-0.878926954505 -0.044774062467 -0.474850178452
-0.180521775484 0.965019771592 -0.190128190997
0.505690109494 -0.735646928797 0.450667404314
0.974217999337 -0.219479365868 -0.052231194941
0.001252104329 0.576060884589 -0.817405829121
-0.060061244308 -0.030264659677 -0.997735785319
-0.282328162173 -0.643621973500 0.711365984618
0.960171532869 -0.070288888309 0.270425774749
0.875902920814 -0.143388964484 0.460688265721
-0.979710323554 -0.098717534826 -0.174420555669
0.308702920044 -0.809166822636 -0.499951557955
-0.029046650417 0.125806079715 0.991629528809
-0.882628575843 0.386250180961 -0.267913409168
0.793267051424 0.604271464637 -0.074722032563
-0.124476802219 -0.699424694692 0.703783078913
0.727560935082 -0.637109165738 -0.254454311568
0.145809475669 0.829029069329 0.539861462796
-0.741970725536 -0.022083441960 0.670068477127
-0.182334491833 -0.469825863016 0.863723214652
0.987585692581 -0.144726836125 0.061062613065
-0.462923627628 0.093331932246 -0.881470853408
0.856063160749 0.506655089146 -0.102256957955
0.621052613713 -0.362483378793 0.694909671179
-0.460563098580 0.244964405410 0.853155362351
-0.333086747641 -0.529501030987 -0.780180669287
-0.306856398300 -0.371239547400 -0.876367702091
0.933311649940 -0.353546670840 0.062722528848
0.418011989243 0.314244432467 -0.852359321831
-0.943808017724 0.220071354143 0.246566471293
-0.799330903010 -0.125701933416 0.587596061447
0.389115342220 -0.673031719631 0.628981362856
-0.848610948651 0.497712025552 0.179282451598
-0.408334284211 -0.209106610832 0.888559248247
0.385714136750 0.380221846052 -0.840628308170
-0.680485769167 0.564512438019 0.467188211841
0.160123161910 0.580171401491 0.798599848430
-0.403675560368 -0.569252077888 -0.716238866428
0.907500616223 0.060900650503 0.415612490576
-0.658085791472 0.740652424112 -0.135488293662
-0.956370732669 0.259474327650 0.134268741652
-0.220414707465 0.231637792181 0.947502659609
-0.594053751163 0.019089579274 0.804198811671
0.917166930384 0.139836674912 0.373162868141
-0.360284712838 -0.912240815276 -0.194965690931
0.330849981740 -0.943358534291 0.024758137308
-0.381568118006 -0.727609668605 0.570078890570
-0.678633937115 -0.681362641656 -0.274227879603
-0.199884258507 -0.532357587019 0.822582325815
0.799677329881 0.045384839335 0.598712271824
-0.757310777902 0.159067111935 -0.633386169390
0.850329581867 -0.485776253379 0.202388324403
-0.040773926946 0.936465353837 -0.348382157901
0.968362229790 -0.207624681751 -0.138443430484
0.577280892381 0.671333667996 0.464820263658
-0.288486716267 -0.896593906855 0.335998185601
-0.617503683340 0.763374600617 -0.189600686165
-0.181548473353 -0.482294736878 0.856990045801
-0.530807626578 0.468423257373 -0.706273966332
-0.858097396804 0.275122730828 -0.433562383723
0.148920644161 0.505492628175 0.849882253376
-0.216696755965 0.843550639836 0.491390714185
0.508892149292 -0.413407802012 -0.755064745320
0.544276071113 -0.117211026747 -0.830677514817
0.735346362429 0.656408046657 -0.168505796775
-0.252391969682 0.181091282702 -0.950528400927
-0.693202274934 0.701350911980 -0.166064759328
-0.042270281532 0.930704333060 0.363321713807
0.734084915540 -0.626482444333 -0.261990617617
0.669793209389 -0.495789825668 0.552783416376
-0.290663120210 -0.105903684407 0.950946560107
-0.717355187374 -0.667956072257 -0.198081348649
-0.268646176215 -0.492658994408 -0.827717552813
0.098765863282 -0.921363887305 0.375944000378
0.450308109308 0.082413935192 0.889061612025
0.562922805673 0.603451811371 0.564768825455
-0.832622226624 0.148443308072 0.533577372103
0.757774054808 0.632872562337 0.158905008416
-0.494261298184 0.825227634576 0.273322374222
0.504490609459 -0.172401020191 0.846030208210
0.942198850649 0.320928192258 0.096262252469
0.930191653634 0.207316585987 0.302924612212
-0.493409766982 -0.857223029252 0.147361731691
0.851140626088 0.320485714583 0.415750575911
-0.989202409460 -0.098105771629 -0.108875390659
-0.361122885156 -0.195479942607 -0.911799239885
-0.484422516467 -0.174197581418 0.857315594264
0.793980905981 -0.074041823052 0.603417044321
-0.834047590102 -0.054154882955 0.549028110480
-0.166886128473 0.847193154318 -0.504393476762
0.979053802396 -0.187961275556 -0.078257337715
0.137695935396 -0.974524980931 0.177033586976
0.489536905173 -0.864160423798 0.116534889264
0.217958033197 -0.604550995454 -0.766167337897
0.724178315676 -0.185604878342 0.664166090854
-0.629842093983 -0.589868128201 -0.505326159999
0.177484670887 0.131007387121 0.975364678528
-0.881131221578 0.357624658993 -0.309374164468
0.797419228751 -0.276875697361 -0.536155221768
-0.440011103647 0.897955822280 0.008097524293
-0.951903641542 0.297099122336 0.074910404661
-0.582574275902 -0.125949781600 -0.802959442047
0.133024781614 0.096356281940 0.986417697736
0.111045282482 0.993081840205 -0.038175959624
-0.130065289372 0.966748774341 -0.220181352096
0.591539140357 0.805841843784 -0.026464471140
0.761558778736 -0.389750255652 0.517805914170
-0.220267206590 -0.490543873828 -0.843118654491
0.288857299242 -0.808014313020 -0.513492288773
0.889782897204 -0.455742086492 0.024198066920
0.050267853488 0.846867345990 -0.529423121144
0.168345238409 -0.981711287576 -0.088897854597
0.298027476915 0.900569894125 0.316470360065
0.634317684594 0.523696301853 0.568667968534
-0.168643213208 -0.685673124380 0.708104394240
-0.769377133955 -0.624305151591 0.135284527734
-0.371819144826 0.639324389739 0.673063777235
0.335688999418 0.612979197685 0.715240797827
-0.523342995923 -0.841713054373 0.132782689823
0.944077839988 0.265933049236 0.194927282257
0.432372844612 -0.252894277078 -0.865504597251
0.363354312941 0.700555410287 0.614162649780
0.550901579866 0.482483090678 -0.680968073048
-0.574041591556 -0.401991028146 -0.713357879647
-0.305311663924 0.451813175210 -0.838241995237
-0.403481763778 -0.913939387294 -0.043786557877
0.901017744013 0.398959965945 -0.170287904875
0.893636708811 -0.441912017440 0.078276442866
-0.393380791827 -0.790727312437 0.469043569392
-0.319515009965 0.198777172273 0.926497595350
-0.956354437539 0.187989544835 0.223709903296
-0.264875639451 -0.089041377219 0.960162761603
0.416531449839 0.677787192237 -0.605892790298
0.075614423168 0.892957430111 -0.443744844498
0.540840595954 0.536837286799 -0.647531603299
0.036776905093 -0.897493682425 0.439491239115
-0.387183851960 0.065888385093 0.919645249806
0.372528985998 -0.346925952179 -0.860734882700
0.227100952287 -0.957963635002 -0.175302114885
-0.998117725693 -0.042495632356 0.044216816800
0.676167429266 -0.000913972923 0.736747427721
-0.162826169844 -0.768495682970 0.618790775360
-0.288417059147 -0.404762579748 0.867745846448
-0.469877196615 0.834650099054 -0.287358021032
-0.397493996462 -0.850678859182 0.344011629626
-0.184530871406 -0.854219811008 -0.486062621458
0.057969904201 -0.710878514946 0.700921698334
0.846403349037 -0.260471815276 0.464495214384
0.524863810235 -0.034264005634 -0.850496301358
-0.004851569958 -0.783066700067 0.621918809424
-0.623910263322 0.121884058856 0.771932807645
0.566142144481 0.824233375859 -0.011064102413
-0.428448317098 0.182538228179 -0.884936062566
-0.360362483187 -0.069022314782 0.930255234209
-0.829768999287 -0.066689198459 0.554108255335
-0.230257653705 0.298499846977 0.926217714290
0.140883245100 0.989708046448 -0.025097690069
-0.453163134418 -0.244241297353 0.857315205902
-0.142218477430 -0.636651138447 -0.757924292124
0.152700804527 0.550781049860 -0.820562428711
-0.558202902420 -0.802924694493 0.209096759189
-0.511729448132 -0.148638972486 -0.846191129576
0.358036379193 0.918565210043 0.167475090906
-0.543809474418 0.839193529309 0.005047365560
-0.298729112914 -0.708780869545 0.639054454695
-0.158392866972 0.551571521429 0.818950887685
-0.597206134217 -0.411683140462 0.688376223523
0.811022373990 0.575954046834 0.102565319791
-0.349898206914 0.036205986333 0.936087801091
-0.029762415963 0.966006717264 -0.256798015561
-0.061175092748 -0.103873163558 -0.992707395923
-0.974210390480 -0.054550654340 -0.218948261449
-0.260583800661 -0.561224564341 -0.785571811621
0.077014811027 -0.560091623378 0.824843071320
0.977971403972 -0.013152586922 0.208324128393
0.074069321076 -0.279073807437 -0.957408766242
0.777440927505 -0.551519233194 -0.302344405699
0.861319185389 0.388474884849 0.327439345106
0.291273056318 -0.501415085602 0.814704190853
-0.142340417768 0.972921036876 0.182109476618
-0.999172083585 0.003328487034 -0.040547115281
-0.443787465406 -0.885866251821 -0.135254092112
0.584784132712 0.060266303371 0.808947149575
0.581848424741 0.600289093439 -0.548730730800
-0.819103725618 0.573645421242 0.000131781679
-0.971675121600 0.022667848712 0.235231007093
0.503020040441 -0.025753829305 0.863890953299
0.139385491429 -0.035004608640 0.989619301627
0.783511982902 0.516567648480 -0.345350310833
0.804455191908 0.369407956297 -0.465176962067
-0.138265614621 -0.557263396221 0.818743016486
-0.035757248846 -0.693462068255 -0.719605293926
0.323715340584 0.918721090959 -0.226185621333
-0.215719062942 -0.755618471301 -0.618470704005
0.067580752554 0.333511179310 0.940320761847
-0.273548688790 -0.089096466261 -0.957722785863
-0.862151278559 -0.259245697122 -0.435300863085
0.323490654425 -0.771676757722 0.547602755738
0.992066421829 0.003515539153 -0.125665650296
0.436249702809 0.181558351665 -0.881318762843
-0.434646416206 0.879602677070 0.193343278576
-0.976991712944 0.177587564645 -0.118109481930
-0.854292233197 -0.364884158420 0.370194990826
0.987753645369 -0.077252954497 0.135553373553
0.484256966984 0.816628266799 -0.314027807356
-0.006816723685 -0.460143286785 0.887818499416
0.569037675009 -0.332230749489 -0.752209314961
-0.997475014978 0.067807087115 0.021113820850
-0.189901997992 0.601404927293 0.776047256671
0.498036539198 0.616205126401 0.610123633226
0.460435967241 0.887052314779 -0.033718109612
0.089731701866 0.919021762743 -0.383858334918
0.781532176814 -0.441701504044 -0.440576029681
-0.088056005036 0.417007865330 0.904627315656
0.545150920400 -0.039990712340 -0.837383554241
-0.415942456585 0.855563884109 0.308224452337
0.765790565786 -0.520835173747 0.377220798925
-0.567896625286 -0.577193286482 -0.586806043790
0.152256406393 0.986417949878 0.061624791036
0.683308038932 0.693703704971 -0.227739530256
-0.470257753060 -0.854893228012 0.219123742180
-0.068898105165 0.660466498377 -0.747687806258
-0.643498780590 0.745939502756 -0.171707826281
-0.276652879959 -0.813542177025 -0.511480508145
0.901014323201 -0.288516866718 -0.323930867633
0.317361500628 0.661697293292 -0.679292551092
-0.647300882150 -0.130132693914 0.751043973375
0.552377295208 -0.815374345632 0.173332051920
-0.965236534746 0.241245460831 0.100593536673
-0.452294629048 0.491484318714 0.744226264648
-0.981383490016 0.163190850343 0.101267921320
0.062439656124 -0.922534323377 -0.380830292302
-0.965124921290 0.098467117109 0.242565688324
0.562166154798 -0.795572980162 0.225904509996
0.908022356022 0.005234703510 -0.418889005398
0.257110991585 0.186512531820 -0.948212536028
0.542556077594 -0.767356308091 -0.341756052031
-0.040748551558 0.962793268944 0.267149165863
0.587450712366 0.566891308048 0.577525675100
0.291182434274 -0.297834735810 -0.909124446990
0.142524666772 -0.499838069320 0.854311783730
0.144341802306 0.420055365490 0.895945832085
-0.915221490480 0.202397336992 0.348432118701
0.064034846166 -0.396442287770 0.915823700799
0.251691049916 0.457654138298 -0.852762748419
-0.498672282047 0.494010475628 0.712235638738
0.483905621272 -0.826546727112 -0.287499317568
0.679813887527 0.096607226952 0.726993894077
-0.921309692957 -0.137333739839 0.363769011276
0.661741381839 0.115749431291 -0.740743148951
0.558696673807 -0.827927070625 -0.048936616186
0.224550573029 0.627997657359 0.745114744522
-0.922291660623 0.035551837854 -0.384856024471
0.818551676736 -0.566380777024 0.095843455333
-0.810093715182 0.538417012401 -0.232067432828
-0.311985806800 -0.772037438204 -0.553735541903
0.381130153959 -0.704822322943 0.598302013054
-0.626264532308 -0.105788189242 -0.772399892925
0.820451340013 -0.396909411800 0.411488174187
0.168468892471 0.902769307831 0.395759787129
-0.561402974236 0.198132770152 0.803473774252
-0.049223297823 -0.980008686299 -0.192769400400
-0.096397755853 -0.893103820374 0.439400772303
-0.691503298482 -0.491960753455 -0.528959171627
-0.578158148114 -0.654556672373 0.487122898683
0.186749936090 -0.949550184444 -0.251950210543
0.021454244436 -0.998914688379 0.041341997237
0.143748134138 0.268454947974 -0.952506385722
-0.776852320638 0.375556334640 0.505428443433
0.345064565455 -0.399831426678 0.849155625258
0.444975098491 -0.594283016992 -0.669943921114
0.969452319058 0.221954861901 -0.104394637563
-0.863084690952 0.351813970815 -0.362369626464
0.980379159771 -0.152495083545 -0.124907776306
0.635434425191 -0.724659864163 0.266629279250
-0.774876913470 0.173468932659 0.607843975354
0.243994583462 -0.892715667474 0.378847436690
-0.681721225913 -0.437914741819 0.586077511118
0.982677870487 -0.178251559624 -0.050700930436
0.155450785499 -0.767902814030 0.621417992572
0.389569083891 -0.896127212316 -0.212583979225
0.851971458557 0.508351790386 -0.125391750189
-0.961006769194 -0.239991892993 -0.137367684924
0.352140081301 -0.800334699203 0.485243992640
-0.176868194597 0.308728451618 -0.934561065368
0.301002995738 -0.883639547303 -0.358578229956
0.090150164763 0.771492120314 0.629819701253
0.491644211478 -0.548736135425 -0.676146894543
-0.762715661835 0.550293499032 -0.339767397074
0.710829073165 0.166263592774 -0.683431376556
0.858001416871 0.207663254151 0.469797340906
-0.889061469306 -0.457777775978 -0.003035064322
-0.193662328100 -0.725408649685 -0.660512826247
-0.458951632379 0.587041005665 0.666892987521
-0.575754875005 0.734181220259 -0.359839213714
-0.155309007036 0.670784736123 0.725208211562
-0.232341972412 -0.716480501607 0.657778761190
-0.061938336465 -0.964601523663 0.256334826004
-0.586992545698 -0.618903070681 0.521918327325
0.269318083792 0.956571606474 -0.111528164293
0.035854176109 0.380655522225 -0.924021564389
0.111083692909 0.147179536390 0.982852276407
0.569334541477 -0.819377687288 0.066920740095
0.150393187032 0.173694576752 0.973248212586
0.529170564226 -0.681392596469 0.505650712878
-0.754232202197 -0.058291244287 0.654015226129
-0.282496995529 -0.550236371902 -0.785770566103
-0.095139396589 -0.558408004016 0.824092832312
-0.027528822535 0.971841335897 0.234022609533
0.497155905869 0.207424560348 0.842502852828
0.205913935563 0.953356988644 -0.220703201937
0.187242632122 -0.934816011904 0.301760203811
-0.100562696641 -0.544863949700 -0.832472474236
0.560135781041 0.827309205024 -0.042513363549
0.844489691646 0.443883706274 0.299673849391
-0.365910687640 0.888532162711 0.276803115046
-0.635086847248 0.674833246502 0.375852079771
0.178223399694 -0.980613200288 0.081450421867
-0.812018962811 0.140927915720 0.566360774248
-0.543443806778 0.125084986378 -0.830073837112
0.798806351037 0.493170867084 0.344515470483
0.055861647424 0.299242624589 -0.952540460021
0.782697667346 0.334181065768 -0.525078448246
0.281177749834 0.364985625775 -0.887538487039
0.922656568556 0.131418856148 0.362538192124
0.733057735607 -0.350126559010 0.583127558037
-0.797389435037 -0.301629712691 0.522675430180
0.510298583701 0.749852672786 -0.421089449628
0.102290613760 0.890675516561 0.442982792595
-0.638901937783 -0.669082278191 0.379648809964
-0.436094627841 -0.814632201788 0.382355660844
-0.342123142298 -0.324919385809 -0.881691073012
-0.324539798217 0.235417294163 0.916107317394
-0.053926983110 0.978109756010 0.200980560482
-0.262939258469 0.612396969049 -0.745542016693
0.273906831189 0.852341833576 -0.445520422163
-0.308771253274 -0.930964298738 0.194848114250
0.502055142759 0.850332613059 0.157718359101
-0.561866957518 0.638039429050 -0.526508508030
0.805409616399 0.455950858558 0.378713829154
-0.967332842630 -0.116521426760 0.225144239713
-0.146936935335 -0.148963800985 0.977864675214
-0.094391937918 -0.523583716941 0.846729149971
-0.507558920073 0.653119723774 -0.561977374163
0.354223994859 0.228449311337 -0.906827587591
-0.019383127232 0.251622209697 -0.967631416380
0.757031651418 -0.387758738272 -0.525876639190
0.217209633312 -0.604697587434 -0.766264186132
-0.190744929411 0.916957129930 0.350436861324
0.158002986825 0.461986918932 0.872698769845
0.222460054944 -0.955368590932 -0.194376900417
0.978997250125 -0.001449271303 0.203868300283
0.421085168590 -0.906553613356 0.029117467361
0.006082756561 0.742118697091 0.670240881699
-0.766009312774 0.118746705788 0.631766533308
-0.847438591890 -0.408866361448 0.338638644358
-0.079877562070 0.122862580102 -0.989203902888
0.717973437198 0.344695858535 0.604730442914
0.482833177701 -0.065243441865 0.873278544225
0.983612523619 0.104055818499 0.147237189648
-0.430588715472 0.272512437285 0.860424505482
0.445545321917 -0.778552440388 0.441979030819
0.494983029286 0.803681996738 0.330283285738
-0.516968747088 -0.810553184854 -0.275221454573
-0.299626149830 -0.947643981669 0.110431219968
0.675559698083 0.182409307777 -0.714385007375
-0.033023154273 0.999150423870 0.024655663885
0.394282390483 -0.067248356881 0.916525534315
0.141355441757 0.505666464981 0.851069953223
-0.044782490941 0.829718926356 0.556382091509
-0.881099400525 -0.301603626681 -0.364278874995
-0.333624482818 -0.672875190481 -0.660252741380
0.605732520053 0.106741732837 -0.788475945493
0.837712264416 -0.228613846068 -0.495957529869
0.072889153668 0.141642421765 0.987230771215
0.280527638918 0.145548712115 -0.948746444634
-0.020952648973 0.985373660121 -0.169114566021
0.503299254457 -0.279102420494 -0.817796857011
-0.943839562375 -0.283943032638 0.168947431803
0.630889982159 -0.759591140192 -0.158111132289
-0.795086726745 0.336687109365 0.504459004618
-0.054242713380 -0.591379423815 -0.804567029609
0.867190339708 -0.318248447994 -0.383012845825
0.091052012203 -0.904282557322 -0.417112200250
0.648001580769 -0.303112910454 0.698724920721
0.153821018395 -0.268589771870 0.950893594861
0.610955483122 -0.790921962354 0.034290627127
-0.716213015857 0.697622045796 -0.019036731226
-0.030333010037 0.643456511502 -0.764881445917
0.722723575313 -0.606929029620 0.330617281297
-0.359269852104 0.923228824951 0.136285399616
0.365617964116 0.037842598665 -0.929995398936
0.696687160388 -0.706419030060 -0.124896575289
0.485424509891 -0.067609990948 -0.871660446688
-0.982933032568 -0.092202914724 0.159189434331
-0.362125566184 -0.641184406233 -0.676570492646
-0.025535788374 -0.430419433912 -0.902267717711
-0.612841213481 -0.766334151544 0.192763106522
0.707922350273 0.602123575657 -0.369179015685
0.501673075573 -0.845527562873 0.182776545725
-0.368563552843 0.164562571853 0.914920798463
-0.929895395979 -0.149643387374 -0.336008049238
0.398257788119 0.813234846344 0.424310993135
0.284897160545 0.520433128615 -0.804973891845
0.079791482904 0.988303328081 0.129960959372
0.316066727056 -0.350096901938 0.881778874379
0.984312411833 0.150251315751 -0.092485772023
0.498130891455 0.405236245109 -0.766582807417
0.254691315499 -0.549092302489 -0.796008779572
-0.234482091616 0.511504960490 0.826668509201
0.840340830644 -0.428501034632 0.331985167848
-0.050390442317 0.224497640229 -0.973170906293
-0.727839301759 0.600552077437 -0.331039503837
-0.304583008313 0.418617906488 -0.855563112467
-0.516551124486 0.856243135894 -0.004756892568
-0.746394464515 -0.216430922034 0.629327386445
0.509241767841 -0.670839996523 -0.539116426156
0.478445322118 0.180455290244 0.859375332417
0.340852059592 -0.058827951643 0.938274557674
-0.819483697407 0.178412560912 0.544624116060
-0.186667973628 0.792907978082 0.580044830954
0.036823817791 -0.941682473580 0.334481876034
0.195974353452 0.904748058750 0.378186465883
0.174539399975 0.660979550056 -0.729823288382
0.351508127317 -0.110372548730 0.929655816373
-0.679762905289 0.731393657208 -0.054641658000
-0.655445565810 -0.057416234011 -0.753056761694
-0.918175105061 -0.248384501137 -0.308641565642
-0.512247269313 -0.290486797805 -0.808220363133
-0.516329203877 0.343881480503 -0.784314784121
0.483621080244 0.256039664708 -0.836991242988
-0.163182829971 -0.397868597778 -0.902813348874
0.502754426181 0.069037240115 -0.861668060469
0.846099749811 -0.207652451000 -0.490913101235
0.145573461577 -0.024799610614 -0.989036574955
0.279057383225 0.949288032041 0.144842014250
0.056939664008 -0.875356166087 0.480114004333
-0.350671444165 -0.167306141940 -0.921432685070
0.138930161702 -0.270026517441 -0.952777041100
0.826630066843 0.060150139368 -0.559521843474
-0.292130120052 0.779287309890 -0.554410751702
-0.552233351057 -0.798840816628 0.238519759494
0.748195408733 0.167542125224 -0.641976063904
-0.123663106118 -0.783908667386 0.608436222937
0.827495782494 0.510237032764 -0.234326482394
-0.659183636745 -0.150212872685 0.736826320056
0.644371509009 0.370195881760 0.669134043003
0.685590148277 0.473948786172 0.552574607335
0.600911470050 -0.117884024273 0.790574956588
0.379417145524 0.272870812386 0.884072479738
-0.464375925971 0.042299184348 -0.884627480006
0.271781641892 0.878659135093 0.392546638564
-0.078046606260 0.857672706809 0.508238384271
0.145211595190 0.824963603020 -0.546213004527
-0.541267585148 -0.186714463226 0.819857981903
0.568845392275 -0.626920183118 0.532340120306
-0.521874771145 -0.457594899826 -0.719898347612
-0.420072388135 -0.906517228012 -0.042020281331
-0.197648090943 -0.933476047975 -0.299261925416
-0.103448750998 0.976719501953 0.187929163309
-0.770766869335 -0.185671079084 -0.609462618646
0.782345787534 -0.148403638367 -0.604906132261
0.957381823828 0.158831309515 -0.241231545453
-0.076900253922 -0.492096604863 0.867137406891
0.096731852698 0.095999283720 -0.990670018825
0.703055422414 -0.290445562620 -0.649118208163
0.675415312329 0.703895494994 -0.219875619383
0.428035366605 -0.545997700057 0.720189028289
0.834423549782 -0.507650376423 0.214542384825
-0.533489168772 0.057880724928 0.843824109921
-0.378417551365 0.923116080795 0.068241176693
-0.437520476410 0.847742443658 0.299847597862
0.359888307024 -0.378037744154 -0.852975890903
-0.145554872730 -0.075457526705 0.986468418495
-0.840339609587 0.512775689994 -0.175756741863
-0.568283645256 0.454638416887 -0.685826223197
-0.265295587679 -0.343646692819 -0.900846935762
-0.867390401277 -0.415102343899 0.274452064780
-0.847907300900 0.404178653191 -0.343063879452
-0.455659333527 -0.791523751145 0.407264929920
0.720792984613 0.684810554644 -0.107200641701
0.505506469709 0.837119516487 -0.209031395246
-0.030318407488 -0.864582650206 0.501575154020
-0.173040067406 -0.214442045519 0.961286504735
0.776724973056 0.545488315324 -0.314866343194
0.472219629720 0.462311035259 0.750517906505
-0.971147495850 0.154957970403 0.181274843021
-0.510969866513 0.853559202771 0.101717662579
-0.915047973195 0.260200676209 0.308192820897
0.518334399338 -0.229028819271 -0.823938863270
0.020717800353 -0.675120669580 -0.737416337122
0.394653804473 -0.850699079403 0.347216720389
-0.365495771369 -0.909181813330 0.199502559937
0.878025840284 0.425230382724 0.219658246832
-0.250851199275 -0.595407851132 0.763258256839
-0.413768113847 -0.775232367697 -0.477295216861
-0.435692457487 0.657292213490 -0.614930100560
0.694921252704 0.258492607407 -0.671018646877
0.346148925523 -0.447028752081 0.824831022799
-0.028724368032 -0.917266238673 -0.397237407694
0.189573894023 -0.381735024630 -0.904621528417
-0.436520664525 0.516508504400 -0.736660487827
-0.376350974226 0.833924366066 0.403646003177
-0.567237454900 -0.722619511863 -0.395047732347
-0.646840095039 -0.531653040215 -0.546756743242
-0.619615585386 -0.769302424821 -0.155725095959
0.793528880996 -0.544735040219 0.271248319778
0.091483132852 -0.992781303620 0.077563648614
0.584349027136 -0.789700691366 -0.186839590402
-0.175910791449 -0.718596900598 -0.672810439799
-0.888289107118 -0.452977363942 -0.075854926871
-0.548665678266 0.803069581313 0.232476280645
0.105162369768 0.537886548322 -0.836432266904
0.979980628937 0.035732572638 0.195860026961
0.422578697609 0.309824027584 0.851725493489
0.853161333848 0.143096102846 -0.501636565431
-0.388172504104 -0.360629709690 -0.848096880991
0.169225914070 0.959841273015 0.223757280607
0.418422428359 0.249749453025 -0.873239876643
-0.169276889648 -0.659260885167 -0.732612052808
-0.864625491469 0.316396249242 -0.390277046426
0.889229027175 0.348935766762 0.295830302544
0.369112356850 -0.878551894507 0.303154476594
0.711132857749 -0.272076996099 -0.648277846933
-0.503196935337 -0.798936119949 -0.329384153397
0.279132451150 0.909765027375 -0.307266447371
0.825422295153 0.197590959278 0.528806058471
0.565609820870 0.819063429445 -0.096024106767
0.830969939358 -0.269525016638 0.486667468905
-0.356118270579 0.640100395237 0.680772547461
0.371346459526 -0.234252121698 0.898458541324
0.946409429008 -0.150998998754 0.285496926534
-0.029017938203 -0.997826601737 -0.059161069365
-0.777660480763 0.167679155407 0.605910783450
0.690878878919 0.290507117812 -0.662036244600
-0.751711042331 -0.124665923810 0.647602436900
-0.984139559966 -0.176757383207 -0.015038417194
0.608439972799 -0.774882386635 -0.171342015812
-0.800223551530 0.509178864152 0.316826690602
0.802679090409 0.031682475473 -0.595569054408
-0.487840365784 0.153718221218 0.859291851455
-0.279974783851 0.763317270300 0.582203456937
0.043394345161 -0.998807448939 0.022374332427
-0.028309726621 -0.996354788536 0.080471701492
-0.665999051208 -0.620533566714 -0.413984729636
0.025885397916 -0.530268108983 0.847434763726
-0.912431986813 0.404862140356 -0.059619768085
0.824302776801 0.322717979151 -0.465164527979
0.692827134145 -0.328005846554 0.642185897400
0.996748040587 0.062239608115 -0.051181781595
-0.049819946948 -0.159407282270 -0.985955014818
-0.997387948582 -0.003112813794 -0.072163636364
0.607232719188 0.582946598691 0.539853394749
-0.862427373638 -0.416868830097 0.287122628320
0.564984339800 0.822683332313 -0.063125513989
-0.792077478200 -0.590182608800 -0.155877377445
0.224213957689 -0.951361155882 -0.211281926004
0.479516836077 0.323479186835 -0.815735753540
-0.671042478760 0.736238203207 -0.087494570337
-0.003408063043 0.733328636862 -0.679865792245
0.195800820818 -0.113786913774 -0.974019803095
-0.182610403724 -0.019370769910 0.982994513578
-0.053397712434 -0.952285690641 0.300500661740
-0.972338397091 -0.176991697149 -0.152420407698
0.754102150259 0.561034547222 -0.341423759862
-0.514573311760 -0.853967245730 -0.077163787129
0.708721558611 0.359227417026 -0.607181533988
0.724376859278 0.155545071429 0.671627796102
-0.787911831794 -0.102680421966 0.607166926194
-0.134824511470 -0.968219886643 -0.210648052958
0.381436320738 0.855697984275 -0.349696000735
-0.179041056273 0.923148410188 0.340207749670
0.026161792470 0.339618522997 -0.940199350910
-0.964554112921 -0.084131503215 0.250114480616
0.213987032257 0.953821922363 -0.210792054986
-0.709469324822 -0.465434185522 -0.529173219357
0.097582284277 -0.667909273204 0.737817660783
-0.619329635430 0.074917487180 0.781548573534
-0.394474116929 -0.918469662583 -0.028348721111
0.077167186558 0.177973721778 0.981004882595
-0.781456939997 -0.243525455146 -0.574474023457
-0.603312857144 -0.387290234506 -0.697151253790
0.966285332819 0.077647400391 -0.245486327096
0.407737965946 -0.878496938435 -0.248983694822
0.126198646981 0.989755153323 -0.066773033266
0.258263249224 0.961463340407 -0.094277988698
0.705186911079 -0.687379148231 0.173842822748
-0.742303665013 0.669683977176 0.022553040191
0.417602618566 -0.481756353548 0.770401758035
-0.113167877058 -0.597224343839 -0.794050448478
-0.283683380371 -0.457182679503 0.842916210109
0.232631724700 0.897445850553 0.374797846831
-0.874226401118 0.467624271795 0.130597626386
0.877303012878 -0.291921551541 -0.380947806584
-0.191354275649 -0.588568785805 0.785474586201
0.536617261533 -0.418951309508 0.732476426164
0.858449485139 -0.095661451526 0.503898172408
0.687879271271 -0.725231672441 0.029345007161
0.107717602113 0.088905994174 -0.990198284383
-0.910247814444 -0.164678977121 -0.379907555589
0.076729966001 0.944057762077 0.320729565490
0.015018538412 -0.880697835704 -0.473440350719
0.097730584495 0.628378544691 0.771744217617
0.090478903461 0.679349120707 0.728215861008
0.557660784162 0.117011684343 0.821780211209
0.217388137511 0.381967976735 -0.898244322230
-0.067794548695 0.918715175201 -0.389058255306
0.667019465131 0.703455048499 0.245430291279
0.847146973342 0.384160844526 -0.367100055966
0.136118662605 -0.519127201402 0.843788278216
0.200420004020 0.820435213737 -0.535460439294
0.924220537109 0.091943336254 -0.370624907022
0.378360618987 0.694838875936 0.611589877685
0.236048705676 0.588659013496 -0.773150421573
-0.796566974696 -0.415558139400 0.439081413410
-0.655815194985 -0.616584734304 -0.435579723416
-0.747226533731 0.219586140856 -0.627243520518
0.869151896564 -0.424103858445 0.254383368070
-0.931594318950 -0.050977452919 -0.359907382801
0.086870975453 -0.721782363614 0.686646672751
0.784337597343 0.614724660602 -0.083235359324
0.042331547734 0.485104897201 -0.873430752136
-0.377387464482 0.887342710507 0.264955875122
0.913909952121 0.303768532018 0.269245758312
-0.911014847910 0.337828653091 0.236482024769
0.430798102608 0.588958454365 -0.683769649679
-0.936663057238 -0.161638624113 -0.310701259091
0.434956088285 -0.602193840901 0.669459318588
0.870092029517 0.293907443480 -0.395674455630
0.382933630315 -0.052545619051 0.922280213759
0.040369293776 -0.965634625747 -0.256749079217
-0.916052121601 0.349464347870 -0.196782062387
0.802934597819 -0.146905977422 0.577680418071
0.748196036696 -0.610195231799 0.260508099227
-0.985453351473 -0.165123011950 0.040200534761
0.938653457668 0.127682861628 -0.320354137253
-0.791135814994 -0.551519796816 -0.264442878433
0.874695083519 -0.001409683109 0.484671562670
-0.407835255272 -0.397918642109 -0.821785348385
-0.116307780506 0.423563416227 0.898368817707
0.389352958536 -0.311126366247 0.866951358443
-0.174615599205 -0.977813211399 0.115718261858
-0.770694421983 -0.616737051048 0.160204612259
0.731060482683 0.667189047433 -0.142861281122
-0.729279398137 -0.605558168970 -0.318513521607
-0.138034706297 0.572873490403 0.807937116273
-0.329811963697 -0.905761845804 0.266119422981
-0.783480073631 -0.418621113530 -0.459255198696
0.765521199328 0.551593097010 -0.331243639500
0.609156404898 0.790656218206 0.061572875391
0.665223905567 0.702978275440 -0.251592328423
-0.037565739560 0.745074902093 0.665922071629
-0.793781606604 0.406318399095 -0.452566149390
-0.569493530625 -0.664046977202 0.484477791695
-0.153434740949 0.397891583280 0.904510955282
0.384761251620 0.336083871844 -0.859654820459
-0.556131907072 0.577733367441 0.597445778361
-0.535892891913 -0.510733010107 -0.672287587855
-0.237626437977 0.155932355749 -0.958758977223
-0.565729456387 -0.672040738080 -0.477819451819
0.134771563823 -0.228078648530 0.964270063659
-0.391637304929 0.346127327489 -0.852535098722
-0.556460616262 -0.828795927263 -0.058727280730
0.128071210467 0.355629529659 -0.925810673240
-0.782825631526 0.355718423764 -0.510537396888
-0.695212248013 0.644148956334 0.318985975030
-0.991289069459 -0.047035010124 -0.123019057849
-0.225948800619 0.933579890019 -0.278164930306
0.400701912601 -0.303447906572 -0.864498319973
0.522727540654 -0.066056924673 -0.849936704081
0.494419464057 -0.639093506805 0.589159471723
-0.486810906811 0.323301020122 0.811474948102
0.758680106126 -0.354644806273 0.546471918722
0.089573707850 0.316793048945 0.944255640704
0.099569735741 -0.940789521252 0.324038492201
-0.446919625353 0.569886362930 -0.689559556399
0.129101452481 -0.970537212257 -0.203446146661
0.595666164470 0.643063173659 -0.481301958431
-0.284602667347 -0.947444834475 0.146115048391
0.387364544325 0.853782849593 0.347855653310
-0.342769319938 -0.592940970109 0.728649572343
-0.323171436691 -0.937840495816 -0.126552071947
0.223654625901 0.724707506137 0.651749675000
0.190938607524 0.150765852166 -0.969954692745
0.504685856152 -0.320524979102 0.801595861000
-0.189052626959 0.529049518468 0.827263991268
0.358153552067 0.769008369319 -0.529482918572
0.905007376418 -0.048348440134 -0.422639417193
-0.042638437423 -0.626907198888 0.777926299618
-0.755937131445 0.250787986040 0.604701942580
0.964606504576 0.263422752398 -0.011947587604
0.617964847730 0.496339455698 -0.609726653253
-0.747417894838 -0.219766567324 -0.626952268010
0.051301770357 0.851135744656 0.522432840207
-0.794122491807 -0.342793310291 0.501858759439
-0.740031781644 0.654529113425 0.154740433746
0.840194100647 -0.074599634259 0.537130121857
-0.454750666347 0.306714298990 0.836138846276
0.713769162297 0.319087831883 0.623471361410
-0.233173557857 0.972142155246 -0.023868848115
-0.245172579061 -0.174163440818 -0.953707241432
-0.051882135016 -0.981522752089 -0.184177444868
-0.273306447535 0.783638438832 -0.557865918408
0.681549704393 -0.564044749874 -0.466201158923
0.366273331071 -0.170252675552 0.914799362381
-0.902979660194 -0.284477627612 0.322025173959
0.199883103984 0.253880870705 -0.946356829231
0.216840979367 -0.924822963496 -0.312541958556
0.731488543466 -0.566999144952 -0.378730089114
0.300610177772 -0.122451327413 0.945853685004
-0.947417976599 0.309790970758 0.080179374237
-0.336974055571 -0.872576275527 0.353637002108
-0.820585679132 0.556825121476 0.128782480549
-0.421316951092 -0.415392405627 0.806189292952
-0.773924845733 -0.630800135732 0.055960002847
-0.539424732715 0.179500209110 -0.822678936563
-0.810328635189 -0.017457144336 0.585715588921
0.782337699800 -0.068623732772 0.619062603274
0.700252509180 -0.364762352237 -0.613673243492
0.385497280650 -0.534558282801 -0.752089947347
0.153775742062 0.688611305875 -0.708637771061
0.458077142002 -0.865192666907 0.203977893667
0.904086666805 0.320891586448 0.282233748251
0.929194465321 0.290645949844 -0.228303695670
-0.276976661639 -0.340103570456 -0.898673183238
-0.192978418650 0.123752600267 -0.973367671470
-0.211224044318 0.534812699020 0.818144107153
-0.593233122025 -0.099839668958 0.798815688025
0.292462338109 0.854168971987 -0.429954820978
0.275682188863 0.659656014543 0.699180429661
0.731593139219 0.299000576575 -0.612674574187
0.958920598614 0.081409708707 -0.271742055785
0.457537016755 -0.879583697772 -0.130354888332
-0.029272695382 0.030392210786 -0.999109314754
0.614749811865 -0.610134926440 -0.499818007229
-0.658643199581 -0.505797357030 0.557097988928
-0.419878159858 -0.391629605927 0.818735966375
-0.941211234437 0.308991281910 0.136549624212
0.898997109706 0.266563613247 -0.347488182293
-0.715575301962 -0.698521278243 0.004473372830
-0.922922061911 0.090477466055 -0.374204083054
0.061977799744 -0.348265425105 0.935344827331
0.542488713422 0.599355191057 -0.588624966139
-0.918879762527 -0.053696117826 0.390866612732
-0.903335134681 0.262587891092 0.339165496332
0.600579618134 0.696555311750 -0.392574604318
-0.493316526094 0.869206422286 -0.033451465440
0.622048562834 0.351725250953 0.699531938741
0.430111202321 0.590347390024 0.683003889249
0.835352065808 -0.541933984689 0.092165516267
-0.142177781735 -0.280642983335 0.949223363748
0.745617866439 0.665894458366 -0.025269894407
0.856771259634 -0.312353318363 0.410339387790
0.972110048887 -0.194479966316 -0.131070956183
0.181298211093 0.076164453766 -0.980474341652
-0.433376105935 -0.882373241160 -0.183310158170
-0.708360283982 -0.699361858344 -0.095491880130
-0.544519437285 0.833984981256 0.089261601255
0.053523551602 -0.856235855948 -0.513804815483
0.607065453227 0.371064655060 -0.702696632455
-0.784999903366 -0.242229911012 0.570175255449
-0.095999619329 -0.828398382004 0.551851604856
-0.457902219805 0.461900191434 -0.759587895013
0.756515989744 0.185609850640 -0.627082562832
-0.109348062336 0.992834505736 -0.048193832416
-0.427723997952 -0.137448083766 -0.893398122812
-0.449271179710 0.117359334484 -0.885653540439
0.073107644075 0.940790570701 -0.331011139476
0.116615790475 0.974321038071 0.192611713518
-0.636046615559 0.500244852224 0.587537054712
0.270130221196 -0.870543081285 0.411320321919
0.281380738648 -0.430800453411 0.857458949023
-0.973911645390 -0.164555249258 0.156261565702
0.335469385352 0.698856745263 0.631711596452
0.881929298657 0.200002111529 0.426848764264
-0.883786497103 -0.008263041593 0.467817431999
-0.984200616118 0.060893343686 -0.166256271846
-0.822799150352 0.195230204636 0.533747810653
0.655351027721 0.197865326133 -0.728947421410
-0.764755274226 0.644316284542 -0.002428171692
-0.879060457521 0.298422494964 0.371748203119
-0.021054150152 0.481648183294 -0.876111722494
-0.461620798869 -0.351433145477 -0.814494310792
-0.373595395158 0.927529116147 0.010780510963
-0.225885171956 -0.707912859233 -0.669204955767
0.628849159692 0.660800715325 -0.409745224477
0.163523956670 -0.986536082113 0.002544461285
0.294565667679 -0.160502954583 -0.942056192058
0.515688906200 0.760583035659 0.394434275755
-0.506460161617 -0.318553080454 0.801262778137
-0.521260857098 0.587821480538 0.618670369321
0.085607527850 -0.568370396104 0.818307059732
-0.315077458667 0.628369762748 -0.711250754870
-0.158778881466 -0.835172661772 0.526569930616
-0.073191059454 -0.963175461300 0.258720118207
-0.248044406097 -0.570890883237 0.782660572688
0.744671716917 0.225130428917 0.628315465352
0.390662104333 0.258693172244 -0.883437016925
-0.878446944431 0.371464978680 -0.300574009912
-0.976987055996 0.093036994177 0.191938558217
0.533162902374 0.434917629667 0.725661060645
-0.639817784840 -0.734031666944 -0.227663598595
-0.549380282785 -0.324250161826 -0.770092940782
0.378332528121 0.918748120046 -0.112988451083
-0.489137576473 -0.728205065363 -0.480064385328
0.754601995906 -0.351060526319 -0.554375625939
0.195160155052 -0.213037095359 0.957354537192
0.653115342408 -0.637319210246 -0.408979918533
0.734612385273 -0.284438950336 0.615986304179
-0.905963360054 -0.376241620766 -0.194094392096
-0.256430202060 -0.897712330074 -0.358268228992
0.570627361927 -0.647443351249 0.505174742781
0.322136854690 0.800823959877 -0.504884969213
-0.328309952794 0.230033583939 -0.916131609080
-0.626802943357 0.737670547687 -0.250918778242
0.050070039665 -0.629681760943 -0.775237944804
-0.998275090945 -0.009099993199 0.058000283808
-0.605225773203 0.769749278770 0.202947804333
0.539363667948 -0.156624946129 0.827378667811
0.459711810245 -0.883722103949 -0.087751322001
-0.421063514529 0.879502823294 -0.221766319695
-0.578442740649 -0.633345106815 -0.514079732594
-0.760404768280 0.187466710202 0.621804487715
-0.733579114393 0.679357417017 -0.018308000182
0.770500806912 0.607030843411 0.194530361888
0.401169559194 0.226719621580 -0.887502787582
0.282387270220 0.728756345158 -0.623836211685
-0.412494108405 -0.176538004553 -0.893690630744
0.802723051800 -0.546185596510 0.239409682918
0.356568464017 0.012898026553 -0.934180160022
0.541016771445 -0.700113635038 0.465984711175
-0.063515870944 -0.841336509778 -0.536766812921
0.477597166912 0.830145143787 0.287680354569
-0.546080674390 0.206462414350 0.811892338010
-0.423660560941 -0.498761974160 0.756140345594
-0.095566434298 -0.881520267904 0.462373305793
0.391391745824 0.064143057189 -0.917985931001
0.575265277928 0.772133568207 0.269962243396
0.703198456300 -0.710545691870 0.025233922072
0.769669612378 -0.635766639272 -0.058390651391
-0.273423852251 0.046929658857 -0.960748148132
0.086667920347 -0.318437664089 -0.943973583143
0.824398420967 -0.461126774671 -0.328221481912
0.920973846455 0.263843629121 0.286694460216
-0.340601480775 0.681727164760 -0.647486450918
0.367485225219 0.235652528884 0.899679106613
0.319702467766 -0.695857465300 0.643096198162
-0.735693438323 -0.162563507420 -0.657516745691
0.211844174976 -0.111634208467 -0.970906714895
0.233706749336 0.186952945450 -0.954164425821
0.025595115780 0.992263410503 -0.121483390742
-0.727221440749 -0.090637934414 -0.680392343402
0.247069886667 0.854729185474 0.456502454102
0.054018583039 -0.940436365669 -0.335650763165
0.176677474407 0.511005878428 0.841224145070
0.887912227767 0.350014313824 -0.298499339865
-0.680535684385 -0.649088189900 -0.339934852598
-0.357920331666 0.613289857655 -0.704108362880
0.255725708842 0.963422234316 -0.080137134101
-0.636034561770 0.732390297348 0.243031867427
-0.899268169955 0.432556123926 -0.064899600607
-0.242192090232 -0.965963138355 0.090874676169
-0.179311506015 0.843914980870 0.505623267733
0.093695451566 0.855667864125 0.508973151217
0.138621075139 0.797090648244 0.587733524660
0.100266771655 -0.942113822190 0.319950184468
0.423678227686 0.903618028085 0.063017606299
-0.055423989119 -0.902655149101 0.426780814038
0.933776379457 -0.274885705374 0.229127741991
-0.975674241922 0.219221794119 0.001256436576
0.426441546327 0.576380985707 0.697088636317
0.433327988281 -0.899893859013 -0.049172116932
-0.601379064372 0.589109539721 -0.539715824434
-0.266492016341 0.673991482830 0.688997450140
-0.962944993538 -0.208807011010 -0.170694380612
0.692364879263 0.632369296327 -0.347476541692
0.262609341155 0.273734916006 -0.925259709323
0.188232294978 0.729655592936 -0.657397382733
0.879178654054 0.442495409500 0.176756065887
-0.733644193357 -0.669718422424 0.115080112179
0.185202030511 -0.894735631498 0.406384494811
0.093388242777 -0.968523523548 0.230739724464
-0.179974476079 -0.333499734782 -0.925411862286
-0.578265644478 0.815773329995 -0.011077837558
0.967435724295 0.029859549030 -0.251349411556
0.132299094610 -0.768573866195 -0.625932234165
-0.376922657545 0.614629505664 0.692935697591
0.868979868049 -0.453897370763 -0.197106990589
0.023018322599 -0.903303157898 -0.428384829046
-0.259064268710 0.805236261651 0.533366916484
0.755596649016 -0.499365324541 0.423919776186
-0.004151581010 0.986230099898 0.165326810985
0.009200055862 0.369240064880 0.929288509269
-0.942061977929 0.325997693614 0.079023626204
0.764958512969 -0.534410409346 0.359505198598
-0.364902650435 -0.330176198492 0.870534165702
-0.882077680716 0.290512309381 -0.370865964038
-0.580438466331 -0.779569726065 0.235291795449
0.496318431180 -0.421780785843 0.758794427737
-0.002847157434 -0.121707336744 -0.992561946620
0.225043976628 -0.576347251180 -0.785607443091
0.956867846710 0.286726714353 -0.046815758127
0.509962073487 0.490851958841 0.706401470912
0.220073965971 -0.262673997673 -0.939451872343
0.191661271947 0.630645219507 -0.752032289166
0.377476952114 0.629726219275 0.678937434069
-0.552578123750 -0.294212382057 0.779805418933
0.601708951131 0.780294732569 0.170547554815
0.539402734394 -0.537951349500 -0.647806325763
0.606479252875 0.773310508717 -0.184861496643
-0.457685293107 -0.693560796331 -0.556325079667
-0.830484092440 0.193345457880 -0.522411433757
0.382572814027 0.484100357732 0.786946558294
0.090230762182 0.623584646098 0.776531131834
0.271721495518 0.219138456995 0.937094320514
0.286023789766 -0.147423353921 -0.946813997788
-0.550859754793 0.011025671246 -0.834524993708
0.310887691398 0.132362705044 -0.941184869009
0.903874857153 -0.355779497773 -0.237552502769
-0.526328315606 0.017227790622 -0.850106879999
0.601962821284 0.358991395307 0.713278304652
-0.020600815560 0.947968369430 -0.317697303983
0.845860092966 0.421489849673 -0.326905199944
-0.976259820357 0.077723614648 0.202177651786
0.440202358887 -0.023970792642 -0.897578567219
-0.139229503268 -0.954693401223 -0.263012651942
-0.746007466507 0.596034580217 -0.297011176728
0.024831444959 -0.785072999803 0.618905311273
-0.321769883222 0.944034718974 -0.072543722146
-0.241118231935 -0.109279138991 -0.964323632402
0.945687992918 -0.271086407952 0.179405628321
-0.468200966196 0.883476459592 0.016037474860
-0.968058045570 0.231936131564 0.095232616689
0.880262506831 0.422083253803 0.216757112749
-0.399038159347 0.896129870207 0.194215867293
-0.949696445538 -0.284038408489 -0.131904677084
0.154627529875 0.968440802850 0.195480787752
0.733171291362 0.321174402900 -0.599422105401
0.290301903191 0.867822353471 0.403248270696
0.017710354075 0.994193897709 -0.106135936969
0.313505234597 0.719183949240 0.620071701529
0.167578009808 -0.269759153622 -0.948233942477
0.504715973743 0.849334489285 -0.154572672748
0.742733359931 0.642943718655 -0.187004092702
-0.887160177785 -0.456701846019 0.066107811903
0.668216662039 -0.649640312606 -0.362565796525
0.462775651343 0.884271890462 -0.062465352501
0.802842434102 -0.082938894391 0.590394076701
-0.791099981722 -0.548044820584 -0.271675713952
0.441677953987 0.109654222290 0.890447379970
-0.408915686112 -0.387535639255 -0.826198577800
-0.393407811112 0.903516443270 -0.169965675645
-0.541258493528 0.479036862816 -0.691059279112
0.600580379480 0.763365492371 0.237857799622
0.902792083373 -0.396484744827 -0.166632233731
0.142252221990 -0.965557814903 0.217858695992
-0.428375614923 0.484743573318 0.762573275605
-0.324402258115 -0.919135964935 -0.223500006471
0.276974997569 0.959020488739 -0.059703876758
0.785140788836 -0.015798030126 -0.619115792038
-0.825881971914 0.047581212569 -0.561831822415
-0.252596547536 0.613650855366 -0.748082623700
0.831046188626 0.449043970908 -0.328209909298
-0.281750018689 0.868198774255 0.408470091135
-0.553063137420 0.755807334570 -0.350537357549
-0.804329155065 -0.498947556285 0.322654531022
0.296387911684 -0.154184560458 -0.942539827871
0.240396414600 -0.538728176539 -0.807453723535
-0.200337802601 0.901634654698 0.383301075261
0.301990692786 -0.244550657622 -0.921410113536
-0.493563557435 0.663633515368 0.562125939672
-0.494008836470 0.804441882248 -0.329891690672
-0.150412876501 0.888303786341 -0.433926664029
0.007216287642 0.360581439411 0.932699818133
0.552375023601 -0.832813496355 0.036104204616
-0.069315267952 0.855721238905 0.512773395289
0.697087082046 0.635539433385 0.331902438464
0.988615712383 -0.011468874414 -0.150024791784
0.546832668624 -0.576647492614 0.607002225521
0.633621678459 -0.659896620553 0.403806907779
-0.542109581186 -0.628859240288 0.557362770456
0.351830856590 0.932661967438 0.079728933554
-0.651125929769 0.749286575474 -0.120849705823
0.130943593993 -0.141610572195 0.981223838395
0.937970466115 -0.178358621282 -0.297320713893
0.574889928232 -0.631019663556 -0.520879789032
-0.833569689608 0.422183302553 0.356262307314
0.783840640730 0.195136782583 0.589504441055
0.063753837703 0.912462369725 -0.404163174985
0.363850406015 0.826937008204 0.428705104361
-0.539798691072 -0.100375870108 0.835788285283
-0.859522667404 0.499939491506 0.106213412763
0.946817832772 0.131146842814 -0.293830728761
0.545620950607 -0.820320399942 0.171383253844
-0.144869627484 -0.601841269272 -0.785366078739
0.680823076655 0.592677888682 -0.430363635267
0.431148072432 0.850363247185 0.301651599492
0.777354293594 -0.496075470095 0.386819635232
-0.401542948913 0.912481808169 -0.078359491694
0.316247641703 0.768127919083 -0.556746736894
-0.877102050221 -0.218243469543 0.427857197555
-0.356382302500 -0.287138206482 0.889125022054
-0.024928716438 0.370750193116 -0.928398003768
-0.479979495271 -0.826711016390 -0.293544850915
0.911195667124 -0.411973010191 0.000833720435
-0.621591913257 -0.350363955512 -0.700620148192
-0.291398856255 0.953526721229 0.076638753096
0.072001829644 0.058502939822 -0.995687271466
-0.793817724031 0.488842803930 0.361781887413
0.101643258605 0.415229603215 -0.904020477973
-0.328325962700 -0.573037572561 0.750886144932
-0.924602635335 0.154008751875 0.348412501322
-0.490699526757 -0.538482309459 -0.685018814954
-0.715870330836 0.658089874351 0.233339638092
0.233137867068 0.376207522924 -0.896724391681
0.096701975019 0.985551347582 -0.139058510372
-0.647889931894 -0.647619231866 -0.401033622865
-0.372098813447 -0.626628339899 -0.684747688325
-0.634987454700 0.043370861578 -0.771304026140
-0.706880989310 0.621345637671 0.338007197407
0.413158287930 0.897046681489 0.156867716069
0.265669900062 -0.239472037644 -0.933848299987
0.974695910968 -0.219364020771 0.042980315649
0.053025324923 -0.171904453260 -0.983685505569
0.909539240924 -0.334878216575 0.246160413719
-0.193097118696 -0.001791705460 0.981178012668
-0.497407917917 0.838606792554 -0.222090095851
-0.297834027589 0.089470069170 -0.950415697857
-0.223246389409 0.274962493697 -0.935177350387
0.640847625613 -0.373846511924 -0.670487215589
-0.825600191719 0.562801419203 -0.040483156704
0.130610384156 0.702863317474 0.699231066601
0.339384522629 -0.015452958381 0.940520787584
0.549000624848 -0.322857355133 -0.770948404340
0.208979521301 0.977250112669 0.036190840898
0.753495607924 -0.522729023617 0.398746456671
-0.107727781878 0.972931972033 0.204445843214
0.583963186915 -0.574594924336 -0.573434973868
0.150754718061 -0.831059513107 0.535362588025
-0.725256961497 -0.594162775862 -0.347811638074
-0.364365090639 -0.818148824717 -0.444826462048
-0.314205723728 0.543234943881 0.778569559464
0.231303714312 0.138609604553 0.962956888584
0.815721127871 -0.071370897184 -0.574025466840
-0.714740308599 -0.690512862295 0.111077802773
0.579904142184 -0.130761877546 -0.804122202938
0.306886415096 0.104953457330 0.945941594404
0.728414882215 0.271427331113 0.629077867432
0.374911390113 0.179118400158 0.909592242869
-0.324264781725 -0.055771582599 -0.944320857499
-0.129147189890 0.895843708118 0.425188257091
-0.392256342217 -0.909317304789 0.138841640735
0.203373075484 0.975771866754 -0.080676243212
0.140800455382 -0.982375209205 -0.122939741762
0.011787855320 0.127924823326 -0.991713812571
-0.192442282009 -0.952455307683 0.236209345626
-0.546024475599 0.025369766316 -0.837385005242
0.408933112218 -0.170247036863 0.896543170277
0.522564178158 -0.838007496518 -0.157067232373
0.526607860026 0.076618195790 -0.846648577529
0.454756822394 -0.887193016706 0.078005022871
-0.219841871336 0.016570089616 -0.975394783530
0.304078823007 0.580095800965 -0.755661915874
0.881772861771 -0.463087543378 -0.089591000737
-0.854226305098 -0.091352802427 0.511812548857
-0.975591612451 -0.195648258984 0.099713411694
0.596622711103 -0.555190972686 -0.579486259063
-0.397318648597 0.721846781213 0.566634905323
0.104643567653 -0.585401808724 0.803961719295
0.504628411786 0.337760311727 0.794523843468
-0.229965901155 0.022272727545 0.972943785588
0.711414413935 -0.322720580936 -0.624292366032
0.195649145618 -0.225109416660 -0.954487905816
-0.632888564756 -0.231352911878 -0.738869335381
0.242670916579 -0.881418325562 -0.405231491386
0.510071520079 0.845580719895 -0.157544566857
-0.888164994825 -0.394120027694 -0.236288691515
-0.952596869552 0.024094325410 -0.303279850308
0.289842006498 0.828435298674 -0.479256264623
0.981637203583 -0.100752024173 0.161979721469
0.615557693935 -0.662529429756 -0.426782708348
-0.999342665900 -0.019684138208 -0.030442910749
-0.098271752358 -0.860575845439 -0.499751815339
0.430217292049 -0.608918860829 -0.666431468756
0.919932105655 -0.391561482547 -0.020112840934
-0.463218697428 -0.069149401223 -0.883542188389
0.024298101344 -0.987007620311 0.158825563806
-0.797797410053 0.596411392435 0.088389725000
-0.442516731877 0.865262526370 -0.235583748312
-0.180083383221 0.380166306238 -0.907217479268
-0.631905223077 -0.130368714747 0.764002478572
-0.086911053714 -0.995703337450 0.031958293650
0.392889800124 0.449393538908 0.802298605350
0.445600617892 -0.717215381632 0.535763180599
-0.548235520063 -0.765944563428 0.335807594161
0.733667515335 0.215589525696 -0.644401375970
-0.521651696218 0.852193682515 -0.040563965701
-0.125718728235 0.987288402720 -0.097244080667
-0.374318473174 0.343461502361 0.861347709718
-0.566718992232 -0.308699449259 0.763894124778
0.866219777552 0.341853292723 0.364416826220
-0.044343307175 -0.606212135773 0.794065814369
-0.726142007550 -0.281039768140 -0.627482616169
-0.623516957368 0.286101161990 0.727580049880
0.541115833249 0.342538583745 -0.768024071012
0.863703792906 0.010912789132 -0.503881602317
0.085419800496 0.965904940484 -0.244399475513
-0.159056319602 -0.864772780403 -0.476307805384
0.949666001560 -0.179475027069 0.256755136539
-0.284674034714 -0.951202271091 -0.119058529436
-0.714331110348 0.656337099196 -0.242801723649
0.545514581841 0.673794432291 -0.498412383487
-0.266062474838 0.858545395586 -0.438304190262
0.235666638324 -0.955705504348 0.176318531472
-0.916796694873 -0.174253622511 -0.359332012646
0.964323386640 -0.015405810466 0.264278389171
-0.967290319215 0.179310828651 -0.179435406429
-0.724464897632 0.502668266470 -0.471672795467
0.235193862988 -0.244089513405 0.940799742910
0.635673977001 -0.383457322956 -0.669984385218
-0.327309484755 -0.198975031874 -0.923730175907
-0.480145158359 -0.280162178900 -0.831245920542
-0.433999867737 -0.628172191459 -0.645789294339
0.314575644058 0.865518293514 0.389769480280
0.639011250613 -0.728087790329 -0.248098349780
0.017284288145 0.604429086560 -0.796471426169
-0.517692679600 -0.688977986184 0.507251046369
0.951425201621 -0.209366040763 0.225734239084
0.137780208552 -0.433537351165 -0.890540273809
-0.609311735843 -0.608822987445 -0.508009624438
0.677354813676 0.651187249081 0.342265427738
0.845460210617 -0.474632621973 -0.244787471949
-0.617916173105 0.764075422414 -0.185387032659
-0.671945660908 -0.649473384085 0.355912000572
0.464336898330 0.702415967974 0.539446987929
0.354662471095 0.932232601414 -0.071811617851
-0.832708992452 0.261747742419 -0.487938370317
-0.761084096246 -0.339986845874 -0.552412837535
0.535484614700 0.300202676519 0.789388738475
-0.110271625508 -0.845316655188 -0.522761820593
-0.243203068228 -0.381193977306 -0.891932407344
0.111084807314 0.293089768232 -0.949609684734
-0.596664740838 0.703623152102 0.385882944514
-0.010669339488 0.729154919131 0.684265496062
0.625083955340 -0.386452537187 0.678177325836
-0.654913057420 0.042118273794 -0.754529613887
-0.361105528037 0.000774731811 0.932524636356
-0.688850911301 -0.701352630270 0.183272774882
-0.085749100863 -0.693043918960 -0.715777352320
0.735253918003 0.454801997659 0.502550314880
0.136456187806 -0.617194379375 -0.774887609191
-0.609089593226 -0.660264656213 0.439386448562
0.796452324400 0.295324038664 0.527681160498
-0.433449600009 0.669308551889 0.603446357699
0.667422462304 -0.172895745858 0.724330254702
0.443556249306 0.257828376746 0.858360286736
0.931499885218 0.274595114597 -0.238548709656
0.800087991848 -0.399260757259 0.447716487314
-0.899486668441 0.395910229114 0.184875157282
-0.696318047723 -0.319542750001 0.642676907425
0.893177887985 0.327448751959 0.308237855001
-0.340709046426 0.321486413508 0.883495235761
-0.972018647821 0.206932418380 -0.111169791367
-0.132730541397 0.080224707734 0.987900095986
-0.023862171834 0.795142639892 0.605952786098
0.862436004035 0.506155506634 -0.003277506215
0.077579688722 -0.381303054528 0.921189107895
-0.144263023640 0.890376768199 -0.431760802600
0.631563917871 -0.378034109698 -0.676917446627
0.961456958374 -0.144279281497 -0.234059834496
-0.252796998631 -0.614119856748 -0.747629907796
-0.474876302659 0.020632646938 0.879810656365
-0.456036756279 0.757620722953 -0.466948944827
0.624124634337 0.764524235844 0.161155619268
-0.686571164081 -0.486302018212 -0.540490872944
0.676816061175 0.605261236981 -0.419021305358
0.105961712791 -0.945460567278 -0.308020179769
0.251144820519 0.967912117906 0.008509473413
-0.847166263972 -0.009556163992 0.531241941979
-0.880592921428 0.404935338486 -0.246137112959
0.608028327382 0.605796064148 -0.513140021597
0.284727915541 -0.958082762824 -0.031740095947
0.066570376395 0.578015796520 -0.813305676828
-0.015829555633 -0.515207380306 0.856919354693
-0.265792564055 -0.654086234743 0.708184658414
0.889739734565 0.110825227181 -0.442810313517
0.190529142829 -0.950058205216 0.247159973368
0.770682530674 0.636703898536 -0.025623865903
0.587038518157 -0.266239552133 0.764527487459
0.661047988803 -0.561137100567 0.498137240996
0.967486634379 -0.245546170333 -0.060635719942
0.051301211862 0.117189945103 0.991783596571
-0.889769138235 0.000819216471 -0.456410133027
0.950355512083 -0.227629139934 0.212154131016
0.080678941730 0.008646213346 0.996702639385
0.050443051558 -0.975961190901 0.212026537029
0.588566895013 -0.374259282686 0.716602399813
0.948584353132 0.297388134099 -0.108388295913
-0.490780465385 -0.495331220639 0.716785544398
-0.189080470888 0.787252169351 -0.586926398606
-0.924428074893 -0.086612771561 0.371390578976
-0.335757541476 -0.859440157511 0.385524952498
0.389125537154 -0.826267299767 0.407263631656
-0.685493162298 0.410623291864 -0.601238419116
0.818477759165 0.274783803672 -0.504567160040
-0.186797709096 0.899125698201 0.395827733630
-0.075279751965 0.204274688632 0.976014759380
-0.061416039920 -0.995918374614 0.066141221237
0.507320345505 -0.606601222044 -0.612095600745
0.324154978878 -0.854658846945 -0.405563564694
0.537557771243 0.374122772509 -0.755687629690
0.983808797874 0.121412560058 -0.131830343572
0.118200034018 0.111150102300 0.986749414348
0.300233641264 0.403730420718 0.864211494971
0.560753040385 -0.666182671340 -0.491687579775
0.921726527398 0.365932551685 0.128505160626
-0.042691203903 -0.967934531933 0.247548385173
-0.404314645760 -0.764709205310 -0.501746448456
-0.940552468553 -0.315385021038 -0.126068800281
-0.224540459963 0.516051195083 0.826603136876
-0.749187982270 0.629480666404 -0.206086044761
-0.735440738254 -0.648671002519 -0.195838839373
0.845445521819 0.364903800584 -0.389957800223
-0.957148013019 -0.006174596248 0.289533340973
0.490050185473 0.186989293231 -0.851402266813
0.305010713430 -0.872135986119 0.382553638603
0.510354987193 -0.512679631073 0.690432750476
0.403216872586 0.647976744114 -0.646175125449
0.111955387114 -0.091460135802 -0.989495343524
-0.054631856622 -0.923076287623 0.380717122639
-0.025008808850 -0.862945036885 -0.504678534113
0.552104653989 0.577410038942 -0.601479923167
-0.947619256921 -0.318554657750 0.023252396389
0.756974441744 0.253382247600 -0.602318131180
0.463360074069 -0.393950302124 0.793788763598
-0.262210928877 -0.927468482290 0.266547637650
0.872692431416 -0.197111253097 0.446715876202
0.919056153595 -0.165636784392 0.357631433456
-0.150927739455 -0.302851079427 0.941011180142
0.959197262015 -0.277395044968 0.054704675942
0.172975061745 -0.866166738767 -0.468865448362
0.656630470466 -0.548680106471 -0.517480981312
-0.827246027201 -0.467234989163 -0.312018389493
-0.256032005861 -0.355945231255 0.898749466938
-0.637769181723 0.768305445617 0.054380263693
0.151792870211 0.964229319492 0.217303345547
0.218800680198 0.574539922660 0.788688873774
-0.794153768852 -0.532655292408 0.292571582502
0.491373254034 0.721796849608 -0.487402947381
0.546729472044 -0.785161474806 -0.290875132797
0.403318174035 0.030884587101 0.914538458881
-0.419835731514 0.901399312257 -0.105911464945
0.211698100942 -0.213998348739 -0.953618697800
0.907728842302 0.035971847731 0.418012410131
0.085168133909 -0.991222524938 -0.101115256129
-0.083919472989 0.375541076554 -0.922998603398
-0.185146288905 -0.978578777213 -0.090024599382
0.229777123568 0.722936634053 0.651586599486
0.144612698518 0.906850933276 0.395864310393
0.110629117116 -0.701975169673 -0.703556720961
0.042542982511 0.984491218211 -0.170197343999
-0.003769070312 -0.009652987588 0.999946305528
-0.601523885452 0.788276992990 0.129570048828
0.389869409265 0.814081966670 0.430432799938
0.905283469330 -0.424458494370 -0.017228659716
-0.300284569052 -0.100381952784 0.948552919528
-0.410232679726 -0.221114220006 -0.884769828936
0.586378478840 -0.326240915811 -0.741435866683
0.524364946622 0.846248973063 0.094361424024
0.525053890579 0.011142153394 -0.850996042532
0.398620503040 -0.342637367758 -0.850706370478
-0.890345368343 0.167724389945 0.423265465267
-0.949848397889 0.227571585702 -0.214474227845
0.790970987822 -0.506824339307 -0.342773956872
-0.917297706574 -0.134465533891 -0.374811869755
-0.131019856227 0.920402505303 -0.368365342435
-0.339990724702 -0.775087437215 -0.532584051384
0.112874592479 0.358921030203 -0.926517684910
0.004700254940 0.382124612180 0.924098852055
-0.929719129835 -0.280050234812 0.239153100755
-0.636188824370 0.425683635056 0.643472783101
0.431627076202 0.408647290892 0.804179991504
0.239752771040 -0.047880971914 -0.969652526066
-0.361539423710 0.149367314459 0.920314430222
0.657450006625 -0.145480022270 0.739320669202
0.932839233799 0.340437315970 0.117955066784
-0.091626074242 -0.703587973331 -0.704676256378
-0.966600605827 0.250932504071 -0.052116669273
0.255402360964 0.745133672994 0.616072595872
0.700834861216 -0.663370853962 0.262239599257
0.847982076048 0.293683776262 -0.441221303046
-0.715368767007 0.059003028945 0.696251513295
0.659784299968 0.582659359498 -0.474544780084
0.146184716028 -0.914678742348 -0.376819356054
0.873268581453 0.403135510599 0.273648944345
-0.902832680584 -0.240530444396 0.356424264310
-0.874293909957 0.482810709216 0.050039764983
-0.915989901944 0.236374411654 -0.324175318388
-0.289944657789 -0.930616782723 0.223348380636
-0.602567578655 -0.070994095116 -0.794903863126
-0.497302641626 0.800481978564 -0.334542500477
-0.981383472854 -0.121531218507 -0.148716650507
0.406180501605 0.296735177154 0.864271736641
-0.017620413390 0.284987579686 -0.958369240145
-0.528573426451 0.746438881252 0.404276055938
0.687646976569 0.080173405665 0.721605058630
-0.250167008429 0.947794036045 0.197744615934
0.645100019104 0.764022506173 -0.010750600607
0.339770023100 0.921610640734 0.187590400310
0.068246381420 -0.557679419019 -0.827246092179
0.080563466163 0.876418205949 0.474763789901
-0.072056770802 -0.922849240231 0.378361073033
0.936924573241 -0.161050929976 -0.310217572055
0.766618537663 0.214569617634 0.605190793800
0.775342191827 0.525900928474 -0.349675133522
-0.542731786944 0.830672337630 -0.124200140650
0.648567162493 0.749387467984 0.133338136195
-0.690371579358 -0.005183965665 -0.723436388990
0.459694878103 -0.715361217390 0.526249890926
-0.832682731194 -0.184682583059 -0.522045795583
0.634069266646 -0.459338258428 0.622064730908
-0.839214012570 -0.533286764923 -0.106419300244
0.733942259546 0.283066151950 0.617415834971
-0.727730803360 -0.511436478547 -0.456990816378
-0.544800066476 -0.676690680435 0.495260144349
-0.959634201335 -0.090639341881 0.266245580868
-0.287721446811 -0.589154201879 -0.755058736426
-0.850782746212 -0.176958966056 0.494827488202
-0.906871186320 0.294717896085 -0.301207591454
-0.451145599408 0.879385805707 -0.152145498969
0.643622927216 0.760068663250 -0.089694786393
0.933340238006 -0.128777912634 -0.335100357111
-0.877604759368 -0.163234583299 0.450737570157
-0.996538727785 -0.072171570898 0.041253222637
0.058236872223 0.963943143369 0.259657626627
-0.391358536632 -0.152505443186 0.907513407947
-0.563871490918 -0.406722737983 0.718766691032
-0.350780695379 0.620327470130 0.701531705308
0.682262371256 -0.659252720702 -0.316075793149
0.433244544319 -0.273390601657 -0.858811238715
-0.286496171998 0.957258674265 -0.039696019627
-0.790275163791 0.594308045820 0.149208284518
-0.139206524091 -0.286348163061 -0.947959003946
-0.361738755575 -0.359849474022 -0.860031062672
-0.667630634578 -0.025551869559 0.744054055654
-0.203142565541 -0.385544189828 -0.900049318513
-0.707873873616 -0.644724374419 -0.288522200328
0.832174270547 -0.465062969832 -0.301997380006
0.483382542125 0.517167712804 0.706313581069
-0.984610614592 -0.105662241315 0.139202831843
-0.955635944357 0.141268114155 0.258463269686
-0.529129503004 -0.037915544538 0.847693565231
0.081682083658 0.523971042588 0.847810346562
-0.072364433683 -0.723436917823 -0.686587514210
0.086453640081 -0.602047384911 0.793766158537
-0.685516551552 -0.668205939691 -0.289081095387
0.458695748629 0.215622006953 0.862035591091
0.272112653189 0.075290747211 0.959315384719
0.826513576576 -0.266497542689 -0.495837037217
0.669947525133 -0.662483962964 -0.335090006392
-0.736526151473 -0.670776763246 0.087107761338
0.802561105477 0.588561205345 -0.097423711371
0.263568121284 0.806187384869 0.529711002265
-0.204453077832 0.187244510424 0.960800932702
-0.894451105560 0.290636476724 0.339834751254
-0.183162401134 -0.574143549812 -0.798004209901
0.515112427434 -0.081070552696 -0.853279996595
0.817661356550 0.014051592898 0.575527982589
0.752562329086 0.273772191570 0.598914624936
-0.291326508007 0.831085990715 -0.473735096619
-0.554453617525 0.511511200158 -0.656458283615
0.416469850698 -0.313877165474 -0.853249077617
0.940510036009 -0.325532551098 0.097310998057
0.148663968348 0.450432859481 -0.880346104447
-0.473254375946 -0.380213985192 -0.794649369919
-0.319946855542 0.419117224392 0.849690980208
-0.595011628537 -0.586595096321 0.549424567050
-0.965229516073 0.245036690494 0.091043954292
-0.752269683342 0.123621411958 -0.647153822541
0.414648056367 0.599217300177 -0.684839847351
-0.028538320654 -0.528984737756 -0.848151349392
0.417059912959 -0.568638884080 -0.709021049416
0.823212347937 0.367012853190 -0.433154701923
0.613555545156 -0.351909897774 -0.706900995088
-0.552508827937 -0.352183499236 0.755447402483
0.789753753629 -0.253836531901 0.558440707418
0.199203885639 0.264982270758 -0.943452281851
-0.636267008247 0.333970717495 -0.695433572724
0.137884971862 -0.568197405241 0.811257938767
0.968287519238 -0.050568583347 -0.244667322023
-0.316847606387 -0.925211730354 0.208784214784
-0.689604032652 -0.654922813503 0.309066961198
0.288310214169 -0.888380781652 0.357290927953
0.335247483269 0.431814266787 0.837344352080
0.791602766985 -0.411218934272 0.451955802483
0.293220703878 0.867040512001 0.402818035056
0.539803315214 0.774266208047 -0.330339552523
-0.317372626066 0.291543113031 0.902373109899
0.676955711755 -0.477274012372 0.560303918813
-0.500835470626 0.766385126262 0.402265670431
-0.992281169253 -0.123117722159 0.014836024966
-0.887154177695 0.202355707338 0.414740440163
0.599212817040 0.727543716367 -0.334101991418
0.045336167532 -0.630630943196 -0.774757539749
-0.515231277721 -0.031481077529 -0.856472808801
-0.385929260812 0.771222562903 -0.506235482873
0.660002291219 0.470607079254 0.585598798276
-0.449639049428 -0.081549916910 -0.889479812183
0.595821027724 0.098470682661 -0.797057606185
0.438594589183 0.829002054359 -0.346973169291
0.429948251325 -0.076214469206 -0.899630955374
-0.724634228156 -0.638731691416 0.258702651252
-0.578897180174 0.320803908971 0.749641852337
-0.064171860298 0.094391429864 -0.993464760479
-0.264032853858 0.896192091145 0.356547875962
0.364574323046 -0.852632919652 -0.374302908487
0.769940191180 -0.098341461471 -0.630492711268
-0.891095558179 0.099526472652 0.442767644973
0.327484639544 0.561731480376 0.759744400978
0.819309275399 0.256930496059 0.512561246526
0.936035016232 -0.018604244731 -0.351414755616
0.716731370077 -0.648824686432 0.255582999091
-0.239945131785 0.536368241024 0.809157242910
0.983486623382 -0.037402437499 0.177073767957
0.817370151837 0.483042751981 0.313967728668
-0.198098112000 0.718241621100 0.666997834885
-0.451212056493 -0.107276795388 0.885945466294
0.239061821336 0.526869109056 -0.815633733671
0.336350967103 -0.229979135382 -0.913223753643
-0.176850306182 0.982729527791 -0.054466911151
0.177580113904 0.780270666752 0.599702417664
0.577160638167 0.056003853212 0.814708025108
-0.546111716919 0.572385010649 0.611667713901
-0.393068387294 0.919497658856 0.004615004642
-0.053784657671 -0.995768467455 -0.074514225626
0.221736170072 0.935618475641 0.274683707056
-0.083471076328 -0.875204118277 -0.476497986110
0.295495501447 -0.509319313213 0.808255062349
-0.442836114816 -0.020425153586 0.896369894918
-0.596407321449 0.463634984990 -0.655241106476
0.982148966884 -0.036292030835 -0.184570570097
-0.548047930451 -0.747511977745 -0.375325604051
-0.823766922771 -0.563468239510 -0.062542785454
-0.746417563097 0.056936055932 -0.663037787035
-0.631364238207 0.775486425006 -0.000057830010
-0.260673411316 -0.805328782195 -0.532442414915
0.625126718916 -0.766694431312 -0.146274516893
0.097903426448 -0.896955014774 -0.431145706880
0.192582898197 0.819506667264 0.539741280274
0.059691401298 -0.544236903020 0.836805311887
-0.390763800364 0.142752003992 -0.909354451070
-0.097422551414 -0.259924324980 -0.960701926593
0.680624466412 0.353411834883 0.641755725090
0.119319818293 0.991429910091 -0.053193179450
-0.600448396264 0.782005937418 -0.167118033938
0.434812791485 0.864677451771 -0.251536758268
-0.369798927137 0.878205128796 0.303322444345
0.552497114555 -0.521381836860 -0.650313707837
-0.318433824576 -0.479340765379 -0.817821698178
-0.810678909989 0.522080214381 0.265013121658
0.164498665945 0.183576868797 0.969143808805
-0.529490609107 -0.329367707381 0.781765059466
0.077614973402 -0.153063494910 -0.985163683065
0.163379047519 0.943510478891 0.288262489852
-0.353055439872 0.146328463509 0.924088652210
0.197820905583 -0.009163448888 -0.980195348142
0.634773405372 -0.119236038767 -0.763443181181
0.861552782361 0.346407359586 -0.371118235109
0.099370999197 0.410000669668 0.906655863815
-0.621402675187 -0.663655008950 0.416438163918
0.861096303699 -0.490807228200 -0.132745698622
0.679893624330 -0.403752509954 -0.612150774157
-0.572243733242 -0.618911217876 0.538039045193
0.515714074696 0.622525269184 -0.588643595385
0.476479863150 0.770087561872 0.424184024997
-0.327310778459 0.939856240429 -0.097662181173
-0.498865258732 -0.764134372143 0.408940233946
-0.147291707813 0.603289488613 -0.783802874286
0.014001392175 0.999298918060 0.034722231810
-0.991407229978 -0.129008377566 -0.021645850978
-0.928827863409 -0.005372674009 -0.370472582695
-0.912480226671 -0.408264587511 -0.026454914839
0.315740049804 0.947116327730 0.057261528940
-0.960576955592 -0.109356786727 -0.255603219036
0.861047759292 -0.476310452882 0.178115436425
0.703532199809 -0.100961346972 0.703455222632
0.708317684745 -0.208936804997 -0.674263649468
0.564714987554 0.257598650378 -0.784053517405
-0.383611730797 -0.907494508831 -0.171160031655
0.568521295554 -0.579427313682 0.583992743671
0.030812331114 -0.717062405795 -0.696327585586
0.472605186364 0.599060641476 0.646351828075
0.894919739686 0.412396776736 0.170433441722
0.791920876605 -0.595196867661 0.136389200173
0.870431296960 -0.328106791471 0.367008570287
0.986407485492 0.010735016075 0.163966557553
0.902321391430 -0.416015877889 0.112902151939
0.852321467948 -0.504653259773 -0.137379775353
0.221919264318 0.635014067301 0.739938493697
-0.958312578609 -0.252307882105 0.134081073633
-0.558980479615 -0.312960385151 0.767851952355
0.956447249268 -0.289604611895 -0.036576333007
-0.843243446011 0.532800949026 -0.071159254327
0.209141884794 0.199284768164 0.957363699543
0.076569622349 0.586016808742 0.806673039592
0.137246614844 -0.049580143937 -0.989295292641
0.110678932882 0.205809652696 -0.972312995220
-0.461567944104 0.331202347099 0.822958102367
-0.847447694675 -0.108823432172 0.519605490155
-0.857633720887 -0.319112473991 0.403276120966
-0.209105092942 -0.975082373664 0.074090651737
0.826651831512 -0.550447852571 -0.116849951035
0.666548325201 0.684502242429 -0.295245677836
0.132425423177 -0.754463863910 -0.642843515446
-0.025754812871 0.935349038551 0.352787281085
-0.865756663564 0.344790078816 0.362746745051
0.384976905382 -0.633441587763 -0.671226144615
-0.673971714558 0.707013925361 0.214227536327
-0.740445814828 0.442909397016 0.505540563495
-0.556253038332 0.830872198732 0.015295316938
-0.954721141211 0.078156938569 -0.287052321847
-0.621745397505 -0.659451669154 0.422559057093
-0.680029634918 0.661140342057 -0.316943439337
0.277071493309 -0.204866271769 0.938755132229
-0.288753612159 0.533273687890 -0.795135538930
-0.637394469315 0.765348330029 0.089276112192
0.414637564299 0.036008411286 0.909273932646
-0.310230578219 -0.828643183601 0.465947918345
0.591125813804 0.367102372646 0.718196435700
-0.973555102451 0.220776580418 0.058721069740
0.231841254909 -0.920564371921 0.314341962950
0.255843117035 0.530161148481 -0.808377050705
-0.282050990319 0.925613728709 -0.252361772234
0.696552493814 -0.710605498218 -0.099269578745
0.874979009742 0.236339234524 -0.422558278508
-0.504741588744 0.652355246743 0.565392395279
-0.997602996776 -0.037778945424 -0.057974236579
0.094641239670 0.228317127742 -0.968975915559
0.639314632976 0.060880453275 -0.766531389098
0.108025561548 -0.550608504098 0.827744376765
-0.918041722518 -0.244895133881 0.311810469866
-0.535359418866 0.445968551132 0.717288187573
-0.833694980021 0.541045873394 -0.110553349885
-0.182495281610 -0.518924198056 0.835112656390
-0.944873197966 -0.327375071917 0.006340508818
0.392225290027 -0.620987104046 0.678626803532
0.871236820936 0.376206511841 0.315301541852
0.261437049724 -0.052378652457 0.963798291033
-0.875389416234 -0.396814853898 0.276100238448
0.653717653803 0.323974393440 -0.683881438190
0.908807549645 0.354841497145 -0.219445550451
0.636946864697 0.757352266130 0.143931360517
-0.845416930517 0.517909404290 -0.130537590538
-0.889023637801 0.297939139947 0.347662537986
-0.843000695233 0.518074999677 0.144734662559
0.114434869429 -0.833029315805 0.541264094199
-0.288827211011 0.304779958250 -0.907572597222
-0.734211427975 -0.041854434359 0.677629534005
0.033204606067 0.829033924480 -0.558211614172
-0.131048377990 0.797054492240 0.589517140570
-0.535794705072 0.600642898208 -0.593424083476
0.410516193747 0.490311672422 0.768811367344
0.661016770081 0.737498484285 0.138393696928
0.164479475608 -0.597501814076 0.784817229856
0.869629589308 -0.285389003834 -0.402861631197
-0.255404256149 0.631662263710 -0.731964104684
-0.050935799763 0.179454524889 0.982446750618
-0.889209073084 -0.446377131091 0.100273033185
0.148294886541 -0.898540913394 -0.413077297347
0.197646688084 0.221846831172 0.954840180443
-0.009569863833 0.781890377834 0.623342485923
0.366204783345 0.454839389566 -0.811797503294
0.884587115324 0.396626057685 -0.245343444518
-0.777360218919 0.551626599352 -0.302356056544
0.573788962378 -0.726256005181 0.378574222037
0.729747280232 0.584072897479 -0.355426163112
0.223515762595 -0.801047457130 0.555305029059
-0.492727179278 -0.707207848412 0.507027598800
-0.316485930711 0.412930840919 -0.854005138322
-0.687629056578 -0.717955868126 0.108192661362
-0.348646140807 0.850981346487 0.392780621253
-0.182034516964 0.440359627461 -0.879173949305
-0.750876439031 0.625558598582 -0.211804185627
-0.242622018806 0.586358776096 -0.772863468981
0.625045681004 -0.402132472890 0.669034655983
-0.603519042939 0.790166865784 0.106775882238
-0.441341097477 0.587728008489 0.678080986104
0.209735197784 -0.977724282550 0.008147031538
0.594565406956 0.787801998220 0.160810411517
-0.095925259550 -0.771315594698 0.629182483828
0.077321955819 -0.089819373955 0.992952060882
0.111363897359 0.728934022763 -0.675465226954
0.819895829249 0.479468877354 -0.312858474121
-0.564622663563 -0.326451006983 -0.758044185936
-0.450107765314 0.884405824403 0.123407201433
-0.041544271477 -0.816203037661 0.576269619901
0.558230243356 0.783268451651 -0.273622966965
0.020740563831 0.452712688427 0.891415195489
0.928319900155 -0.362670738800 -0.081805245523
-0.268970681973 -0.956810732258 -0.110308634634
0.714616418555 0.007931471718 -0.699471562030
0.474628208312 0.031943339049 0.879606552366
-0.897725488154 -0.330376139573 0.291445628410
0.120797329448 -0.799309458446 -0.588653034339
0.906274313891 -0.116020870453 -0.406455441102
-0.268395865422 -0.963272433479 -0.008359325588
-0.397368454895 0.609831376192 -0.685714228864
-0.501342000956 0.002248026956 -0.865246291210
0.373571279272 -0.915760905204 0.147737821167
0.362835419280 -0.414552664687 0.834563686435
-0.189880470170 0.660017313920 0.726858000144
0.143039846414 -0.966598305420 -0.212667153782
-0.529391241924 -0.841484550728 0.107928976001
0.250842938287 -0.020633055479 0.967807882450
-0.882740659941 -0.423888597328 -0.202700232716
-0.879014791476 0.278993196089 -0.386646858131
0.021878878543 -0.989037678865 -0.146033504580
0.894831591632 -0.439810994972 0.076437630261
-0.035477148772 0.924012322301 0.380713278139
0.912501790123 0.073956585688 -0.402331836243
0.235106193049 0.815848849631 0.528314047273
0.790753605555 0.426347380565 -0.439245542250
-0.573730726057 -0.813572267159 -0.094515713441
0.973986265443 -0.164387391814 -0.155972882712
-0.530694285240 -0.844481012624 0.072217691258
-0.595177427139 -0.435067874752 -0.675632869674
-0.388152157000 0.142089578375 -0.910575891803
-0.787544762212 0.562238868546 0.252310725512
-0.471816286486 0.390616592387 0.790448018252
-0.265305702360 -0.937907776258 0.223476816538
0.336628507034 0.189452962071 -0.922382146084
-0.711250094053 -0.155270286939 0.685575992654
-0.544222597289 -0.504618524131 -0.670210347357
0.612331537017 0.786842825316 0.076996474097
0.344886565643 0.564136992029 -0.750201780233
0.558760565695 0.467856087412 0.684760769682
0.691566933432 -0.672349002037 0.263973476022
0.675533858756 -0.397957925335 0.620712087313
0.110356217298 -0.992140748763 -0.058976605096
0.628561026434 -0.026162033989 -0.777320129693
-0.145744442490 -0.978884603242 0.143330007393
-0.731133598745 0.655910564636 -0.187683222437
0.736910569497 -0.151707716993 0.658746978109
-0.130597303877 0.811274640679 -0.569892798350
0.444785856783 0.849167353579 0.284746110106
-0.112848256049 0.244511892896 -0.963057218102
0.560804445187 0.667077584687 0.490413978459
0.598162145320 0.379068682862 -0.706051684779
-0.337983889593 0.787438912623 -0.515467602534
-0.569096004995 -0.628076651609 0.530706563746
-0.778700403405 0.625735936230 0.045609427172
0.491695794495 -0.721473010922 -0.487557114795
0.810890760553 -0.360487521328 0.460982560860
0.258650079194 -0.813450373156 -0.520959333294
-0.542168114477 -0.737810709363 -0.402105822881
0.557582581038 0.589207640264 -0.584752958075
-0.731410896231 0.634943157003 0.248767538578
-0.957761536852 -0.286383850380 -0.026021698036
-0.283833340143 0.913270423282 0.292191322563
-0.183258910742 -0.743366343757 -0.643290486952
0.327374420768 -0.943133190312 0.057669523665
-0.051630344041 -0.339186070244 0.939301398554
0.347732982069 -0.312934814427 -0.883828928640
-0.241179506840 -0.736730140167 -0.631712866776
0.757054664715 0.248630722035 0.604194504025
-0.427235382327 -0.839775022264 0.335034087922
0.881548005057 0.458008501341 0.114461030399
-0.234606491889 -0.971241661389 -0.040613164679
-0.037650414926 0.192206737088 0.980631947508
-0.244140289122 -0.969477692522 -0.022550452977
-0.168864850573 0.481808330642 -0.859851960959
-0.250636329335 0.688797349372 -0.680249690861
-0.558395194633 0.737558573889 -0.379739590632
0.683916509891 0.192996364242 -0.703569904763
-0.441122278429 -0.845041316607 -0.302185884352
0.618361991564 0.597415285302 -0.510610834468
0.221912690349 -0.973943158194 0.046791906025
-0.625611619503 0.351555648166 -0.696432859495
-0.483782209748 -0.807261046873 -0.338059722138
0.432799172550 -0.479059946486 0.763666448073
-0.860157228063 0.275604933840 -0.429152028369
0.547887836550 0.832317618822 -0.084061286917
0.922930724040 0.381185018329 -0.053822489946
-0.655709994534 -0.153485096146 -0.739247406711
-0.695819200944 0.646060881308 0.313753051364
-0.124535539254 0.853889248577 0.505335582190
0.792565549871 0.485390669238 -0.369101269808
-0.695769469552 0.700855367371 -0.157183330114
-0.899415573125 0.420636114513 0.118814502432
0.827305212922 0.537398890115 0.163610872423
0.282053425707 0.540897121323 0.792386376202
-0.717702712796 -0.396976548325 0.572112258324
0.366052621454 0.150709415597 -0.918309397957
-0.045314368727 -0.047165052925 -0.997858740388
0.661110145622 0.598504468429 -0.452466326511
-0.931591657708 0.363375308878 0.009765663654
0.963912646550 0.229160192970 -0.135491755388
0.812172738200 0.549397926528 -0.196309351919
-0.586398007110 0.120367914296 0.801029926073
-0.902870990775 0.340463229883 -0.262504786841
0.518087059877 -0.495259867136 -0.697354617388
-0.882609719541 -0.186993715507 -0.431315932158
-0.099421667573 0.348333213042 -0.932083314253
-0.482232551645 0.320535459734 -0.815296746704
-0.409807630914 0.793870203678 -0.449252496217
0.473100227567 -0.881002205653 0.003359808122
-0.234886964889 -0.972021803611 0.001314165537
-0.949999760262 0.253500948740 0.182312162212
-0.699456635386 0.457739774484 -0.548848534724
-0.562732705887 -0.002324524424 0.826635650278
-0.869726442457 -0.491021343974 -0.049738868629
0.392223527746 0.258049688642 -0.882933215184
-0.941348269059 -0.239310956556 -0.237894309330
-0.153749020231 -0.764962166380 0.625455132511
0.071540015655 -0.155761528997 0.985200676129
0.454490945866 -0.577809968580 0.677918594181
0.656741524486 -0.642870174483 -0.394218858981
-0.506127165220 -0.833559646430 0.221390172477
-0.218917717434 0.720399157258 0.658103401613
0.403764380571 -0.310863684618 0.860429017740
-0.881965631190 -0.402269779562 -0.245592446646
0.643432543049 0.620706798751 -0.448015214618
0.603138158932 0.665788427765 0.439260891378
0.928996701935 0.333100558283 -0.161273512599
-0.494805217693 -0.865197257495 -0.081249628720
0.910863152143 0.397528555895 -0.110902503650
-0.864842682493 0.016750346249 0.501763450681
0.493003039485 -0.537951401638 0.683780880498
-0.211668772138 0.309858777058 0.926921716857
0.947626152553 0.268472198328 -0.172995241905
-0.011451155610 -0.740293434382 0.672186359610
0.385371524188 -0.459824213296 -0.800031550135
-0.236883941013 0.939226637922 -0.248473984771
0.279781518881 -0.958846213533 -0.048334671673
-0.818300433235 -0.548280590199 -0.172547950955
0.235105774546 0.893961973607 -0.381519677761
-0.633825564092 0.376094527301 0.675883170998
-0.880379391499 0.333123067218 0.337581322220
0.846620380978 -0.523606402501 -0.095237942923
0.850175923915 0.526469395685 0.005556419960
0.933803379294 0.320847070948 -0.158330053630
0.340695835527 -0.635874948440 0.692523932873
-0.377024871218 0.920877416870 -0.099181800661
-0.788252744821 -0.473757653941 -0.392697460667
-0.194522510179 0.929126698120 -0.314459173621
0.417348093908 -0.870717491129 -0.260137692681
-0.337171935344 -0.064504799623 0.939230651566
-0.525286261212 -0.768996737591 -0.364305313381
0.208510850558 0.740570198393 -0.638810618612
-0.825282015114 0.555726758165 0.100386083638
0.507480834027 0.617906252979 -0.600545639918
0.946174835578 -0.228217889339 -0.229498966238
0.937112488390 -0.331017628854 -0.110668484639
0.783361399154 0.591660105564 0.190481594387
0.570164966157 -0.403502758704 -0.715609834397
-0.725613432889 0.303394086117 0.617606002659
-0.233755637953 0.344263179489 -0.909308069343
-0.882621889578 -0.023546619150 0.469493510886
0.922064587798 -0.226878225559 -0.313565251098
-0.224468414608 0.527677260390 0.819250047123
-0.158702808577 -0.844740661754 0.511103348579
-0.106255639741 0.675458079009 0.729702763134
0.355646131705 -0.790298423702 0.498943113489
0.463477698543 0.217860457490 -0.858909333990
-0.220444214031 0.208943920608 0.952757464700
0.447255356715 -0.893075444746 0.048773926240
0.842442020108 0.537325578760 -0.039656842612
0.730190328607 0.372991079118 -0.572450643206
0.135589012296 0.348746364152 0.927357316915
0.602058928140 -0.472321385431 0.643768247051
-0.395731705605 0.425074268230 0.814068967390
0.899398760598 0.277430888528 0.337807595421
-0.742970571831 -0.514184855989 -0.428495814758
-0.685534708945 0.720612561229 -0.103728971027
-0.622296996747 -0.774153071889 -0.115902843473
0.300364849346 -0.879100499558 -0.370085488712
0.410453461036 -0.869542658617 0.274633430538
-0.404441838896 -0.348565920531 0.845534504319
0.960599826969 0.040386507573 -0.274985276756
-0.493076211910 -0.789117723199 -0.366290961097
0.528097516909 0.817974648943 0.228101920908
0.829443330135 -0.557785551104 0.029984013657
-0.115061153513 0.857321360152 0.501757926076
-0.060397437474 0.266718083788 -0.961880248954
0.539279064875 0.838730065755 0.075564323494
-0.721972245746 -0.260865949153 0.640862725508
-0.996148457525 -0.066851163386 -0.056737752192
0.045382708868 0.977582047805 -0.205605811070
0.348583144068 0.510625798188 0.785971428168
-0.495898376312 -0.838106169105 -0.227294631874
-0.242329277089 0.767242989631 -0.593813705069
0.536852192053 0.841147828818 0.065269088869
-0.622049978235 -0.179020514103 0.762237154768
0.033554165035 -0.837371295943 -0.545603730504
-0.956863732765 0.271828877342 -0.102571235552
0.910582191986 -0.378955312652 0.165024066886
0.796315024209 -0.559689773366 -0.229411725527
0.477120660171 -0.549296479857 -0.686024236347
0.339560483116 -0.677412969030 0.652541452857
-0.468132138126 -0.537405009730 0.701461443539
-0.122866738098 0.227411333756 -0.966016485340
-0.784374772103 -0.056166375178 0.617739067235
0.200087388473 -0.706340253936 -0.679005510024
0.813185383069 -0.284038596334 -0.507987803550
-0.297506405893 0.326373041152 -0.897201525000
-0.027512272307 -0.974438023444 -0.222965498093
0.829663637913 0.448323402237 -0.332662554147
0.128631170336 -0.571871723251 -0.810195503668
-0.424133517932 -0.871294839200 -0.246892815105
0.453911839803 0.887156247247 -0.083173521367
0.658585835058 -0.173183450191 0.732306077020
-0.005734348060 -0.630624844351 0.776066635631
0.663249219040 -0.192787517081 -0.723141373938
0.950544923734 0.214353768565 -0.224759448890
0.060690981526 -0.827711604259 -0.557862084153
0.070413634995 -0.936877623189 -0.342494144730
0.372289014789 -0.436574200624 0.819026163695
0.806469296194 -0.379559561784 0.453367194838
0.935927342045 0.162196201633 -0.312621820398
-0.520149808191 -0.403007387043 -0.753013428186
-0.974897989342 0.073710099245 0.210096957726
0.884335056018 0.358404728839 0.299161426397
-0.034346585198 0.990429814405 -0.133675333640
0.264201144914 0.670791498728 -0.692990995801
-0.380319042134 0.322424316066 -0.866833309581
0.878149818530 0.394930731082 0.269967801529
-0.942192616277 0.137219262147 0.305686028351
0.198797982669 0.749345891856 -0.631632881068
-0.891572314782 0.431951272535 0.136076837376
0.208959393180 0.833215795014 0.511944734264
0.675817187532 -0.398104317700 0.620309665622
-0.061592577851 0.319258992784 -0.945663814408
0.020124632715 0.831403587200 -0.555304487960
-0.745913482767 0.328571363280 0.579356483919
0.762060363105 0.462579726393 0.453082773580
-0.189617499455 -0.336896867479 0.922250348107
-0.759035397386 0.633620053375 -0.149635869614
0.559033525436 0.690250783679 -0.459385865116
-0.849550431260 -0.440888860173 -0.289622301836
-0.830323193928 -0.444506808707 0.336120648932
-0.121447773782 -0.350801010770 -0.928541377153
-0.360160397039 0.886348392822 -0.290982843047
-0.735820236834 0.182494704834 0.652122888552
-0.786036542783 -0.616864329818 -0.040310693458
0.055801973776 -0.624525894471 -0.779008053140
0.679492952491 0.369944207232 -0.633585519918
0.229987063048 -0.904591459308 -0.358915369659
-0.925172054587 0.255537267632 0.280637442731
-0.336092528635 -0.158160971827 0.928454047967
-0.226576818100 0.580439764788 -0.782146165977
0.859032011278 -0.404573250449 -0.313663017616
0.034017738360 0.293728322269 -0.955283448079
-0.246960398260 -0.899064388568 0.361515956633
0.942794867479 -0.216636542649 0.253389909516
-0.250155771369 -0.866009857384 0.432953827750
0.013812031908 0.996322489671 -0.084561955689
0.373740248015 0.906674834065 0.195599008908
-0.881485698644 -0.457115131199 -0.118442897274
0.838242711958 0.456562656789 -0.298160520987
-0.749185219907 -0.185270599882 0.635921623388
0.726524806080 -0.005332123403 -0.687119548995
-0.961640222210 -0.140053062481 -0.235866959782
0.808739482855 -0.114505781559 -0.576913229924
0.125514744773 -0.249312682167 -0.960254776273
0.686889697598 -0.720494778367 -0.095235590402
0.192013200275 0.652478433835 0.733077638658
0.611538493871 0.513087990023 -0.602296758258
0.721323251117 0.680704992592 0.127802505683
0.281124595191 -0.717885117102 -0.636875121685
0.445836638544 0.332386996549 0.831112854104
-0.699103223967 -0.714420301004 -0.029297026354
0.826547521545 -0.475945646346 0.300491158525
0.653695137111 -0.420772316400 -0.628993899389
