3.367295829986 3.528386867761
3.526360524616 2.737037737975
4.382026634674 5.145894360100
4.564348191468 5.134694887187
4.304065093204 3.801544309096
3.433987204485 3.029042252436
3.988984046564 3.274345570913
3.583518938456 3.187270485453
4.025351690735 4.635768669488
2.197224577336 1.631416819153
4.859812404362 5.889157075038
5.389071729817 5.453230964672
4.382026634674 4.592591403781
4.077537443906 4.361694206041
3.583518938456 2.765620052924
4.418840607797 4.113635207151
3.258096538021 3.140498396514
3.332204510175 3.555348061489
3.970291913552 4.075937187523
3.988984046564 3.118441427546
2.772588722240 1.704748092238
2.944438979166 3.117017939762
4.691347882229 5.780516963911
4.442651256490 4.293516809368
3.258096538021 3.407587179761
4.189654742026 5.801889474330
3.663561646130 3.558274179159
4.700480365792 5.966589531520
4.919980925828 5.207929359521
4.477336814478 4.731602576582
3.135494215929 3.527638480062
3.367295829986 3.805895912500
3.496507561466 3.262747709197
3.688879454114 3.757705645044
3.367295829986 4.179150443760
4.744932128363 4.602819599436
4.317488113536 4.466214585099
3.663561646130 4.430511501940
4.143134726392 3.943583193912
3.465735902800 3.475454152269
4.532599493153 3.461695493263
4.189654742026 4.019653669621
4.290459441148 5.796765332323
3.951243718581 2.857795587462
4.248495242049 5.143416405330
4.158883083360 4.311637699858
3.637586159726 3.943623666470
2.772588722240 2.302585092994
4.700480365792 4.390513248551
2.833213344056 2.857146110268
5.398162701518 5.258531788006
2.890371757896 1.372308119145
3.610917912644 3.566864503551
4.204692619391 4.664705540493
3.295836866004 3.322902117513
3.218875824868 2.792391349536
4.406719247264 5.241553422958
4.317488113536 3.391820219850
3.850147601710 4.239028077128
5.420534999272 5.126095082463
3.737669618283 4.152538594827
3.496507561466 2.883614975433
4.532599493153 4.258886533596
4.248495242049 5.210344488503
4.110873864173 4.753307505592
3.828641396489 3.675199350210
5.209486152841 6.300625356667
4.304065093204 4.857400110990
3.583518938456 4.353855757707
4.653960350158 5.526325258228
3.465735902800 3.124565145397
4.532599493153 5.617826259263
3.401197381662 3.279657297128
4.584967478671 3.710331380832
3.433987204485 2.802382385719
4.189654742026 4.770556213551
2.772588722240 2.154664962917
3.688879454114 4.147095127608
4.060443010546 3.851247510162
4.804021044733 5.873617472516
4.624972813284 5.377952751458
4.564348191468 5.576343596031
4.007333185232 4.460039311200
3.332204510175 2.344549292093
3.583518938456 2.197224577336
3.610917912644 3.990984047231
3.555348061489 2.898276937403
4.248495242049 5.185228652446
4.110873864173 4.978879544814
2.639057329615 1.956062520519
4.744932128363 5.564053865059
4.174387269896 5.119006657216
3.828641396489 4.306705552418
2.944438979166 2.208852615331
4.634728988230 5.440650925610
3.871201010908 3.399807527373
3.761200115694 3.342943977294
3.713572066704 4.441215506064
4.718498871295 5.403561804040
2.772588722240 2.621038824113
4.727387818712 5.555426184322
4.969813299576 5.426600636838
4.663439094112 4.823850963737
3.806662489770 4.757414287545
4.077537443906 3.667032365449
4.110873864173 4.705831151448
4.343805421854 4.079955824770
3.970291913552 4.195924355040
2.772588722240 2.351375257163
4.543294782270 5.272071686871
3.688879454114 2.549445170926
3.761200115694 3.986828408739
5.003946305945 5.981109100650
3.912023005428 4.659468959395
3.178053830348 2.564949357462
2.833213344056 3.080289661582
2.639057329615 2.925463077707
4.430816798843 5.639794066729
3.951243718581 5.444912099443
4.204692619391 4.628915863300
4.770684624466 4.663199218846
3.044522437723 2.523822066038
5.225746673713 6.861469234950
4.962844630260 5.352322016851
3.663561646130 3.565552231664
4.343805421854 3.661895256809
4.919980925828 4.154997808217
4.219507705176 3.946708563416
3.828641396489 4.388797141241
4.219507705176 5.239721934533
4.060443010546 4.613924855242
4.615120516841 4.016472214883
4.890349128222 4.915415335786
3.526360524616 3.828001805805
4.025351690735 5.178366804932
3.931825632724 3.511838050391
3.218875824868 3.442978915677
3.135494215929 3.269734242102
3.526360524616 2.901744748068
4.430816798843 4.998498447575
4.510859506517 3.663561646130
3.555348061489 4.063885354737
3.688879454114 4.404888303817
3.044522437723 3.381966019734
4.584967478671 5.269907393945
5.472270673671 6.823153525165
3.401197381662 2.631888840137
5.424950017481 4.532125694225
3.555348061489 3.679550358825
3.970291913552 4.425411380276
3.295836866004 2.784096329091
4.859812404362 6.048818893518
4.158883083360 3.068052935134
3.367295829986 3.562220940777
3.850147601710 3.475659900886
4.499809670330 4.658500293552
4.406719247264 5.250292153631
2.197224577336 1.631416819153
3.713572066704 3.436344769428
3.806662489770 4.345247383171
2.302585092994 1.667706820558
4.110873864173 4.677567093231
3.091042453358 2.819754190682
4.406719247264 3.957555837727
4.454347296254 5.832734599973
4.043051267835 4.856679527046
3.496507561466 2.668910292765
3.871201010908 4.393419818503
4.897839799951 4.810909425776
4.795790545597 6.443750151623
4.060443010546 3.778294549053
4.234106504597 5.528738718136
3.663561646130 3.430673199795
5.111987788357 5.862004031048
3.496507561466 4.380510334156
2.944438979166 2.489283024388
2.484906649788 1.252762968495
4.304065093204 4.342224671546
4.369447852467 4.404401032796
3.784189633918 2.917770732084
4.663439094112 5.780190136524
4.077537443906 4.768815599409
4.990432586779 5.692998916947
4.317488113536 5.040841136153
4.025351690735 3.502980075972
3.044522437723 2.508437147198
2.995732273554 2.760009940033
3.555348061489 3.819280953730
3.135494215929 2.848442064758
3.135494215929 2.271677555531
3.526360524616 3.735566568087
4.430816798843 4.463442026159
2.708050201102 1.609437912434
3.044522437723 3.137562468993
2.833213344056 2.290750635347
3.258096538021 1.690663352357
4.543294782270 4.066112893134
4.382026634674 5.857575947836
4.127134385045 4.908257184467
4.219507705176 3.958008118670
3.828641396489 4.386094436893
4.718498871295 4.942279974432
3.178053830348 2.772588722240
4.897839799951 6.824625098523
3.526360524616 4.030067444824
4.867534450456 5.939300428319
4.094344562222 4.769554042095
3.637586159726 3.542483714576
4.779123493112 4.812320986060
3.465735902800 3.869898079127
5.505331535932 6.217684661757
3.583518938456 3.281328839515
3.496507561466 2.576536972634
4.127134385045 4.254697168440
3.688879454114 3.583518938456
4.189654742026 4.613468988803
4.290459441148 5.108681453719
3.332204510175 1.704748092238
5.164785973924 6.608139424223
4.406719247264 5.778595772922
4.499809670330 4.329416684402
4.219507705176 5.157024841664
3.931825632724 3.384722544459
4.615120516841 5.484591497658
4.553876891601 3.618287560511
2.772588722240 2.748872195622
4.564348191468 5.359628027496
5.288267030695 5.281330468333
3.332204510175 4.050541939564
4.219507705176 4.357462690276
3.218875824868 2.650421088266
4.718498871295 5.708592317366
3.332204510175 3.703064089106
2.639057329615 1.935653648888
3.526360524616 2.153812084401
2.995732273554 3.424262654593
3.218875824868 3.365915567518
4.110873864173 4.843024671087
3.465735902800 3.515269837922
2.890371757896 3.442907870244
3.178053830348 2.036881927261
4.859812404362 4.437989243385
3.784189633918 2.571918026778
3.555348061489 4.067805006987
4.418840607797 5.485096843520
3.044522437723 3.388417655016
3.555348061489 3.823035651507
3.912023005428 3.856510295498
5.181783550292 5.071903022580
4.127134385045 3.247494630174
4.143134726392 4.763529683379
4.234106504597 3.778905605772
2.708050201102 1.866660777401
4.127134385045 4.206376323938
4.997212273764 5.584714830460
3.828641396489 3.996603894943
3.912023005428 2.614471854143
4.653960350158 5.023379142044
3.912023005428 4.015662040188
4.477336814478 4.167369697237
3.583518938456 3.060270794692
3.555348061489 2.971146798081
3.761200115694 3.816945356726
4.007333185232 3.703768066608
4.812184355372 6.393549966758
4.060443010546 4.330960174812
4.060443010546 3.945591168203
5.552959584922 5.900417553818
4.615120516841 4.944467283245
3.737669618283 4.106571099858
4.276666119016 3.804190300625
3.367295829986 3.980003870757
3.806662489770 4.780802754631
5.214935757609 6.187080492773
4.605170185988 4.050392674693
5.030437921392 5.318119993844
5.262690188905 6.731487897489
3.688879454114 4.188138441508
5.318119993844 6.463625773537
4.753590191106 5.599443148773
3.526360524616 3.076227367573
4.442651256490 6.021822573003
4.158883083360 5.183537628974
3.091042453358 2.351375257163
4.653960350158 4.949367608416
2.564949357462 1.956839219588
3.465735902800 3.088197501226
3.912023005428 4.314550469549
3.332204510175 2.358154944149
3.912023005428 3.781002742990
4.584967478671 5.508024108136
4.304065093204 4.519877233381
3.713572066704 2.585377180152
3.828641396489 3.817712325957
4.897839799951 6.104776574494
4.189654742026 3.970005995037
4.110873864173 4.946781420137
3.891820298111 4.615322557452
3.871201010908 3.862482559868
4.356708826690 3.761498222716
3.663561646130 3.417306250561
4.189654742026 4.951228364935
4.127134385045 4.655035041287
5.393627546352 6.710622761225
4.043051267835 4.548507005537
3.637586159726 3.111173387765
4.007333185232 4.210645017918
3.091042453358 2.085107279216
3.401197381662 4.114691703553
4.189654742026 3.749504075930
3.091042453358 3.076474037530
3.526360524616 2.970414465570
3.891820298111 5.447792409570
4.343805421854 4.970534540141
3.784189633918 4.089788745686
4.248495242049 4.687013469454
4.025351690735 2.886395609517
2.484906649788 1.386294361120
4.867534450456 6.203329347148
5.062595033027 6.323939201866
3.583518938456 2.367123614132
5.075173815234 4.898958576872
3.526360524616 4.478338985933
3.610917912644 3.204722077430
5.003946305945 5.784093602678
3.688879454114 4.499809670330
3.931825632724 4.841404153308
4.605170185988 4.685643570138
4.143134726392 4.641180623511
4.158883083360 4.248941571001
4.262679877041 4.746645295694
3.806662489770 3.078847180264
4.510859506517 5.700664064351
4.094344562222 4.245634009768
3.044522437723 2.926739402067
3.367295829986 3.189482526172
4.094344562222 5.547778226180
3.784189633918 3.621913747319
2.995732273554 3.034952986707
4.060443010546 3.400622503808
4.418840607797 5.036404807275
3.951243718581 4.520533609304
2.772588722240 1.658228076604
4.025351690735 4.960844629593
4.584967478671 5.071403963160
4.927253685157 5.117342728339
4.369447852467 4.445922148494
4.875197323201 5.005891234391
4.499809670330 4.521909342703
5.093750200807 4.530221841944
3.044522437723 1.925290861853
3.401197381662 3.578878558900
3.091042453358 2.951590380324
4.060443010546 4.443664941321
5.123963979403 5.757736907611
4.672828834462 5.982617112514
3.970291913552 3.750169781048
3.663561646130 4.694166770636
3.828641396489 4.336722235985
3.332204510175 2.123116605182
4.394449154672 5.036792256065
3.555348061489 3.371228971733
3.367295829986 3.154796968184
4.653960350158 4.430816798843
3.044522437723 2.402214933943
4.454347296254 3.490499414748
5.267858159063 6.770369634684
3.496507561466 3.703917331478
4.762173934798 6.055562265978
3.663561646130 4.046643548303
4.343805421854 5.305434834317
2.995732273554 1.547562508716
3.806662489770 3.414442608412
3.688879454114 3.612268351742
4.290459441148 3.819066218604
3.401197381662 2.299246191729
4.330733340286 3.505241241435
3.988984046564 3.781239157595
3.970291913552 4.771962988334
4.976733742421 5.749524758469
4.382026634674 4.998562712862
4.174387269896 4.271095073967
4.094344562222 4.805386232659
3.737669618283 3.597312260588
4.465908118655 3.768126089037
4.430816798843 3.339828435286
4.290459441148 4.361264643225
2.708050201102 3.175272187386
3.496507561466 3.239272452776
3.637586159726 3.344348517430
3.931825632724 5.125247002849
4.564348191468 4.261799207676
4.644390899141 4.613405413991
3.737669618283 3.029673506982
4.110873864173 4.731586160022
4.143134726392 4.711244732380
3.871201010908 4.411281992823
4.653960350158 3.935367439018
4.290459441148 4.437318772335
3.295836866004 3.075774981228
4.394449154672 4.306398038772
4.025351690735 4.056741587443
4.290459441148 4.411718424481
4.174387269896 3.948874049226
3.931825632724 4.322703249215
3.637586159726 4.492472880266
3.784189633918 3.460037881685
4.983606621708 5.591114758076
5.393627546352 5.893651237086
4.127134385045 3.269814217576
3.713572066704 3.939922842957
4.820281565605 5.188466497589
4.691347882229 5.811580384427
3.713572066704 2.559304939842
4.564348191468 5.334528748511
4.276666119016 5.249360521822
2.833213344056 1.867267021736
3.610917912644 3.219956322002
3.737669618283 2.788825241287
3.332204510175 2.088330489097
4.369447852467 5.692879369382
3.178053830348 1.845826690498
4.795790545597 4.518909841704
4.882801922586 5.386994022857
2.890371757896 2.941510719387
4.189654742026 4.293567929819
4.234106504597 4.375848166900
4.672828834462 4.894416455007
3.891820298111 3.680682686910
3.583518938456 4.483630101454
4.736198448394 5.834528559160
4.795790545597 4.780719551880
3.806662489770 3.291713148820
5.176149732574 5.643548548636
4.595119850135 6.342032497425
4.110873864173 4.021244908782
3.688879454114 3.856510295498
3.135494215929 3.608564970382
4.094344562222 4.418438920705
4.290459441148 3.596373557807
4.077537443906 3.915744884196
4.060443010546 4.535376501325
4.691347882229 4.773014360706
5.488937726157 7.258898006242
4.454347296254 3.478373731228
4.941642422609 5.340966262695
4.219507705176 4.496864160101
3.970291913552 5.005591147210
3.663561646130 3.953706167499
4.753590191106 5.092903639910
4.127134385045 4.734073952163
5.337538079701 6.439503959698
3.332204510175 2.959364629383
4.007333185232 4.317003147474
5.003946305945 4.408027933857
2.944438979166 2.208852615331
3.970291913552 3.453873367490
3.555348061489 3.754533424335
4.709530201312 5.777763883675
2.639057329615 2.266217448823
4.615120516841 5.490899633105
5.093750200807 5.425166204484
2.772588722240 3.038552270737
5.313205979042 6.467170789444
4.682131227124 4.168099738465
3.332204510175 4.382919093457
3.401197381662 1.851076046384
3.970291913552 4.337167413460
4.043051267835 4.019066314920
4.369447852467 4.547460615077
3.828641396489 4.415955359893
3.828641396489 4.452576264798
4.189654742026 4.455227810531
4.564348191468 3.526973082063
4.532599493153 5.461459757567
3.713572066704 3.604967481864
3.295836866004 3.273644554410
3.135494215929 3.027820588105
3.850147601710 4.376425873267
3.178053830348 2.970414465570
3.258096538021 2.234964905319
4.595119850135 5.669637075767
3.784189633918 3.178053830348
3.912023005428 4.690062653006
4.174387269896 3.755818936789
3.784189633918 3.070164868337
4.025351690735 3.720516539057
4.595119850135 5.993709500062
4.158883083360 4.087026181414
4.499809670330 5.341749285584
2.890371757896 2.762117422372
2.833213344056 2.896886438917
3.218875824868 3.374168709274
4.795790545597 6.607766382318
4.276666119016 4.928259620259
4.532599493153 6.029806048392
4.158883083360 5.681877639268
4.859812404362 6.015211354275
3.332204510175 3.654361949231
4.356708826690 5.073489705609
4.477336814478 4.755156362139
3.258096538021 2.550045951959
5.673323267171 5.921799505730
3.988984046564 4.519571951456
2.484906649788 1.897119984886
4.934473933131 5.095073419066
4.234106504597 4.117740234231
4.941642422609 5.861965828638
2.564949357462 2.020018121209
3.526360524616 3.087023693763
3.871201010908 4.162781723775
2.890371757896 2.372318431009
3.931825632724 4.249894822404
5.575949103146 6.847715713260
2.397895272798 1.098612288668
4.477336814478 5.257258601576
4.624972813284 4.215028252559
3.526360524616 2.930409130956
3.465735902800 3.314186004673
3.258096538021 2.074622255244
4.060443010546 2.840287653499
4.653960350158 4.100042583337
5.365976015022 5.333192742968
4.077537443906 4.521235734503
5.017279836815 5.496435137195
4.510859506517 4.756711498914
3.931825632724 4.112158798497
3.871201010908 3.315700009504
4.110873864173 3.847703039641
4.634728988230 5.974501089436
4.262679877041 3.790889292093
4.934473933131 5.865815674696
4.158883083360 3.693556001998
4.330733340286 5.211497358806
4.442651256490 3.304945582203
3.401197381662 3.259377768178
5.181783550292 5.144386699969
3.178053830348 2.405442478434
4.127134385045 4.206856862150
4.418840607797 5.772041475855
4.382026634674 4.722286332657
4.905274778438 6.224617100088
3.688879454114 4.192680462943
5.327876168790 5.229367836702
2.890371757896 2.285777974678
4.691347882229 3.692085319008
3.044522437723 2.484906649788
3.367295829986 4.531486526984
3.891820298111 4.369706150286
4.564348191468 4.181095488631
3.663561646130 4.231874360813
4.532599493153 5.622735678825
3.871201010908 5.524622581200
4.007333185232 3.525825622223
4.382026634674 3.550335519666
2.944438979166 3.029370632703
2.484906649788 1.540445040947
4.605170185988 5.159170235138
2.995732273554 2.610069792742
4.330733340286 5.068738680412
3.737669618283 4.415680139716
2.639057329615 2.088330489097
5.209486152841 5.495128163160
4.025351690735 4.569172843617
4.025351690735 4.556129990563
3.367295829986 3.459249393570
3.465735902800 2.087223682122
3.970291913552 4.514791223946
3.433987204485 2.487591215159
3.218875824868 3.068982735294
4.488636369732 4.315238393802
3.178053830348 2.999890283703
2.708050201102 2.585254623622
3.663561646130 4.349781535257
4.304065093204 3.883234176951
4.219507705176 4.031112376999
4.499809670330 4.386322947845
5.278114659231 6.924100555972
3.526360524616 2.908185994171
4.330733340286 3.775177857700
3.871201010908 4.818263401449
3.135494215929 3.367295829986
4.919980925828 6.236441009083
4.753590191106 5.761509054007
4.007333185232 3.091868558321
4.499809670330 4.457572065253
4.584967478671 3.592829204607
4.369447852467 3.725845924378
2.564949357462 2.255332208144
4.304065093204 4.979804512060
3.891820298111 3.747340873549
3.912023005428 4.697384669976
3.713572066704 3.282194089601
3.737669618283 3.576217213350
5.170483995038 4.846153655431
3.737669618283 2.800470205484
4.248495242049 4.069026754238
3.555348061489 2.355448582551
3.871201010908 5.032342424757
3.178053830348 1.749199854809
4.564348191468 4.690009065925
3.401197381662 2.903251420760
5.545177444480 6.806120453203
3.496507561466 2.992697369859
5.056245805348 4.949708078732
4.510859506517 3.610917912644
4.634728988230 4.792897815576
3.912023005428 4.163559631244
3.583518938456 3.930735714360
3.688879454114 4.656338472562
5.049856007250 6.117023539305
2.995732273554 2.054123733696
3.258096538021 2.329152120379
2.833213344056 2.971921624860
4.262679877041 3.910049227824
2.995732273554 1.667706820558
3.465735902800 4.188707323670
3.828641396489 4.728349264801
3.465735902800 3.778491612804
2.772588722240 1.584120104450
4.127134385045 3.771276707767
5.455321115358 6.832935021655
3.850147601710 4.599836840013
3.496507561466 3.854650664964
4.663439094112 4.885870394684
4.510859506517 4.148006843216
3.637586159726 3.174758934451
4.127134385045 4.528950805238
4.574710978503 4.722907401580
2.995732273554 1.504077396776
4.304065093204 3.859591082964
3.044522437723 2.125961557315
2.639057329615 2.613216098431
4.736198448394 4.962292398308
4.382026634674 4.945741154178
5.332718793265 6.921443771320
4.290459441148 5.489616766473
4.553876891601 4.483656515950
5.288267030695 6.378451907455
3.688879454114 2.744060638625
3.828641396489 3.499795956406
4.189654742026 4.187586488962
4.510859506517 4.625941962124
4.653960350158 5.010127228545
4.624972813284 3.820724376427
3.871201010908 4.893164709622
3.332204510175 3.563478187573
2.995732273554 2.833213344056
3.912023005428 4.703566507844
4.941642422609 4.898585790288
4.521788577049 4.631134524057
5.549076084895 6.414823083414
2.397895272798 1.679642171107
4.317488113536 4.027016970054
3.871201010908 4.342180726127
4.624972813284 3.467266593440
4.836281906951 5.029140264778
4.820281565605 6.423194595174
5.087596335232 5.458087150235
4.430816798843 4.494238625281
5.214935757609 5.305681489063
4.564348191468 5.631137107588
4.330733340286 4.777352797651
3.367295829986 4.379437077767
2.833213344056 2.122613713545
3.806662489770 3.574839404736
5.231108616855 6.210589338827
5.192956850890 6.797543508822
2.564949357462 1.683545884588
4.836281906951 5.790032980246
4.955827057601 6.130169593137
4.543294782270 4.726351695604
3.784189633918 4.508358880057
3.178053830348 3.913688284747
3.433987204485 2.498257982963
3.433987204485 3.025917249892
3.367295829986 4.017935093080
3.663561646130 3.958612948688
3.713572066704 4.362943260848
3.737669618283 2.992154452206
3.951243718581 4.308731941187
5.298317366548 7.353555863280
3.761200115694 3.752509132146
3.871201010908 3.577715091636
4.189654742026 3.990946205568
4.248495242049 5.091381051276
5.075173815234 5.256974403014
4.158883083360 4.198610729299
4.369447852467 3.637919215516
3.367295829986 3.819605190425
3.401197381662 2.970414465570
2.833213344056 3.007428313317
3.218875824868 2.627562950190
3.583518938456 3.721669276937
5.476463551932 6.997186668196
3.828641396489 4.644599907398
4.430816798843 5.170078068505
5.081404364984 5.247546982167
3.526360524616 2.607037518380
4.356708826690 3.997259303624
5.416100402204 5.884250462801
3.091042453358 2.841202734090
4.158883083360 5.078488627668
4.804021044733 5.075429929975
2.944438979166 3.385281926356
5.043425116919 6.193338330886
4.158883083360 4.236368437251
3.891820298111 4.200724965781
3.367295829986 2.484906649788
4.852030263920 4.034517148592
3.465735902800 2.998852400890
3.806662489770 3.240854731587
5.303304908059 6.402816110257
4.343805421854 4.575915233683
4.276666119016 4.408411581396
4.060443010546 4.125185880601
2.639057329615 2.570428823226
3.891820298111 5.151993122970
2.197224577336 1.203972804326
4.343805421854 5.009422437671
4.897839799951 4.946799676776
3.367295829986 2.603966009804
4.007333185232 4.784608803224
2.833213344056 1.867267021736
5.288267030695 5.232053452051
4.574710978503 5.842737278294
3.044522437723 2.484906649788
3.367295829986 2.772588722240
4.736198448394 5.746231215482
3.871201010908 3.542166324787
3.401197381662 2.942683052464
4.158883083360 5.463831805026
4.859812404362 5.590639818556
2.397895272798 1.493925025312
3.761200115694 3.979029409070
3.970291913552 3.808756731373
4.219507705176 4.234532671235
3.912023005428 4.058717384579
4.043051267835 3.897176497311
3.850147601710 3.074464794339
4.634728988230 3.455673308364
5.049856007250 6.227347124200
3.555348061489 3.712177366339
3.637586159726 4.630889229256
3.218875824868 2.437115985952
4.276666119016 4.314520752309
4.007333185232 3.768782291866
3.583518938456 4.908151295729
3.784189633918 4.857696001455
3.555348061489 3.891820298111
4.624972813284 4.526148199032
4.262679877041 4.391314355867
3.637586159726 3.836050948770
4.025351690735 3.679910784131
4.859812404362 5.144786649543
4.234106504597 4.998973354348
3.091042453358 2.814319394696
3.951243718581 4.559126247487
4.836281906951 4.285555066433
4.007333185232 4.863189359871
4.605170185988 5.213086222185
5.017279836815 4.510859506517
3.526360524616 2.763355046293
4.976733742421 4.472938441066
4.744932128363 5.612651953693
5.786897381367 6.581595938834
4.077537443906 3.902828321206
4.290459441148 5.225304684756
3.688879454114 2.098017927253
4.882801922586 5.763337005413
2.833213344056 3.101680851563
3.555348061489 3.337293579683
2.944438979166 2.904885800780
4.007333185232 4.330015379265
4.094344562222 4.800462809147
3.784189633918 2.927550761138
4.330733340286 4.527208644518
3.610917912644 4.464353633653
3.663561646130 2.651796355393
3.465735902800 3.652280301666
4.094344562222 4.202201958079
4.304065093204 3.752678681771
4.290459441148 3.414803033718
2.772588722240 1.584120104450
4.595119850135 4.649332051470
3.044522437723 2.900898170883
3.951243718581 3.158635744491
4.624972813284 4.253663934146
4.653960350158 6.503717722865
4.477336814478 4.247195696707
2.564949357462 2.302585092994
3.583518938456 3.634657899947
4.859812404362 5.483734901047
4.290459441148 5.309216657006
5.087596335232 5.293211762512
5.537334267019 6.773634286256
4.394449154672 3.597819488598
2.944438979166 2.275916845912
4.605170185988 5.684123836993
5.924255797415 6.199016591897
3.850147601710 4.139073807105
3.806662489770 3.324236340526
4.736198448394 6.269345455212
4.595119850135 4.622096825781
4.442651256490 4.480273674152
4.234106504597 3.884994333040
3.258096538021 4.010823590172
3.258096538021 3.478870419980
4.290459441148 4.305914548142
4.174387269896 4.970026951964
4.143134726392 3.977453985349
4.330733340286 4.452509623455
3.433987204485 4.007333185232
3.713572066704 4.215914456610
4.584967478671 5.410232881789
4.727387818712 5.401001738153
4.025351690735 4.577284982499
4.795790545597 5.561317156935
3.091042453358 3.516958171938
4.110873864173 4.749341494728
3.951243718581 3.673375267578
4.262679877041 4.503714400008
4.890349128222 5.949780652436
3.332204510175 3.545091561322
5.505331535932 6.643816197906
4.174387269896 3.681157408020
2.708050201102 2.544223226944
2.772588722240 2.110213200347
2.564949357462 1.562185027584
4.820281565605 5.150584222261
4.465908118655 3.782882615042
4.948759890378 4.750528526845
3.135494215929 2.262668485589
4.094344562222 3.335769576340
3.806662489770 3.604289385813
4.812184355372 4.322030626214
4.820281565605 4.408880560612
3.178053830348 2.310883895809
5.010635294096 6.047797620448
4.094344562222 4.230719131409
4.595119850135 5.163284125212
3.496507561466 4.621997506121
4.219507705176 4.907016180707
3.806662489770 4.538080264647
4.465908118655 5.045055229906
4.430816798843 4.469186810116
3.401197381662 3.825011628439
3.871201010908 4.145776735854
5.129898714923 6.248374729754
4.595119850135 4.650104923695
3.218875824868 3.882800146751
4.356708826690 4.942466258987
2.639057329615 1.893542163538
4.262679877041 4.733848271050
3.091042453358 1.939395468034
4.369447852467 5.146831908232
4.454347296254 4.222410464834
4.672828834462 6.263789819212
4.418840607797 4.277502449248
3.891820298111 2.647765657507
3.737669618283 2.864918273906
2.484906649788 1.098612288668
3.806662489770 3.017711180273
4.418840607797 5.488389931018
3.637586159726 4.386948711879
5.043425116919 6.866375333137
3.526360524616 4.849960107919
4.488636369732 3.816847647996
3.433987204485 2.954574201060
3.988984046564 4.533196686363
4.634728988230 4.888741880652
4.477336814478 4.294808624767
4.499809670330 4.733172432127
4.343805421854 5.352288889459
4.143134726392 5.392255754505
4.553876891601 5.284912126997
4.127134385045 5.389734347179
4.127134385045 4.689422383597
3.871201010908 3.771802624653
4.488636369732 4.824801960248
4.189654742026 3.550574782737
3.526360524616 3.475795429787
3.637586159726 3.936458845646
3.496507561466 3.540520053220
5.361292165709 6.414105250238
4.442651256490 4.998642093692
3.401197381662 2.546837607518
5.010635294096 5.130332545854
5.198497031266 6.207622429387
4.595119850135 5.458381264719
4.718498871295 4.143134726392
4.248495242049 4.695924549257
4.488636369732 4.886031295666
2.639057329615 2.189256407687
4.356708826690 3.930064404442
3.784189633918 4.623188691491
4.127134385045 4.327544900982
4.330733340286 4.982344109141
4.634728988230 4.313856933305
4.356708826690 3.811494103546
5.723585101952 6.597016401247
3.688879454114 3.628332954246
5.129898714923 5.903538281590
5.135798437050 5.717936730838
3.688879454114 4.816645932435
2.772588722240 3.291196486448
4.718498871295 5.283203728738
4.442651256490 4.809598518563
3.258096538021 2.765351054940
4.736198448394 5.713298457242
4.394449154672 5.544502062139
4.564348191468 4.788879668057
4.007333185232 3.510730996001
2.995732273554 2.747270914255
4.882801922586 4.768499393183
3.555348061489 2.839913536626
3.637586159726 3.627144018203
3.135494215929 3.525080933911
4.276666119016 5.373218674721
4.418840607797 4.928562414568
4.394449154672 4.146851112087
4.682131227124 5.036712073248
3.663561646130 4.163280452029
3.970291913552 3.458635281250
4.595119850135 3.844544138772
2.639057329615 1.678430783921
3.951243718581 4.959072057745
3.044522437723 2.692049859756
4.369447852467 3.525988154476
4.997212273764 6.044012122124
3.891820298111 3.029837886041
3.912023005428 4.334672938290
3.258096538021 4.097544564953
2.197224577336 1.203972804326
3.737669618283 3.930424090799
4.094344562222 2.803360380907
3.828641396489 3.652914305420
2.833213344056 1.293921040989
3.295836866004 3.574216545794
4.025351690735 5.371468248184
4.158883083360 5.001426355011
3.806662489770 3.666406598262
5.181783550292 4.955945740224
3.713572066704 2.976027202475
4.595119850135 5.497871736672
3.828641396489 3.070073137841
3.637586159726 3.207229319482
5.231108616855 6.366075272540
4.290459441148 5.129331155010
4.454347296254 5.137097182918
3.850147601710 4.386537721002
3.496507561466 2.193851892858
2.397895272798 1.572396640754
3.555348061489 3.388739146740
3.135494215929 2.253577513887
4.043051267835 4.222084362103
4.634728988230 5.064375430710
4.369447852467 4.572882346855
3.737669618283 4.031708991231
3.931825632724 4.423554262529
4.672828834462 5.549148812168
4.204692619391 4.247428575282
4.605170185988 5.412895271255
2.564949357462 2.020018121209
5.123963979403 5.981023321976
4.691347882229 5.315327828103
5.288267030695 6.483640060993
3.988984046564 4.473330483342
4.369447852467 5.081089825389
4.127134385045 4.123224566432
5.267858159063 6.535697528291
2.833213344056 2.909789843753
4.394449154672 4.848358407441
4.204692619391 4.773337313446
4.672828834462 6.157275947666
5.209486152841 6.041256031283
3.526360524616 4.203374806769
4.394449154672 4.900048525310
4.844187086459 5.413717863675
4.709530201312 4.239055720222
2.995732273554 3.178053830348
4.615120516841 3.889190048744
4.644390899141 5.021220102478
4.564348191468 4.728677547127
3.850147601710 4.820796189512
4.890349128222 5.737251184131
3.555348061489 3.491299216359
4.394449154672 4.450607898828
5.214935757609 6.334900061381
4.343805421854 4.335846697260
4.174387269896 4.332351463617
4.356708826690 4.029236078117
4.304065093204 4.012968383288
3.871201010908 4.474016915769
3.828641396489 4.813067669625
4.043051267835 3.593218335545
4.219507705176 5.063153328380
3.784189633918 3.503371006391
4.174387269896 4.185918165983
4.025351690735 4.865609522046
4.682131227124 5.483566731890
2.995732273554 2.312535423847
2.944438979166 1.498212277324
3.850147601710 4.255461800590
4.219507705176 5.516152736717
5.176149732574 6.779009832696
3.737669618283 2.462839555759
5.533389488728 7.577034901757
2.708050201102 2.001480000210
2.197224577336 1.203972804326
4.454347296254 4.805068913369
5.099866427824 6.352246897749
4.043051267835 4.409283351233
5.267858159063 6.060916076282
5.075173815234 4.636426575639
3.688879454114 3.811097086838
4.304065093204 5.224510804267
4.077537443906 5.088119320444
4.189654742026 4.606532893444
4.691347882229 5.086689819590
4.343805421854 4.340257221798
4.127134385045 4.892408611656
3.688879454114 3.551053137207
4.859812404362 4.519595408730
