8.000000000000 4
9.000000000000 1
10.000000000000 7
11.000000000000 2
12.000000000000 5
13.000000000000 7
14.000000000000 8
15.000000000000 4
16.000000000000 8
17.000000000000 7
18.000000000000 13
19.000000000000 7
20.000000000000 9
21.000000000000 14
22.000000000000 11
23.000000000000 15
24.000000000000 10
25.000000000000 9
26.000000000000 9
27.000000000000 18
28.000000000000 9
29.000000000000 17
30.000000000000 8
31.000000000000 11
32.000000000000 13
33.000000000000 12
34.000000000000 15
35.000000000000 8
36.000000000000 10
37.000000000000 14
38.000000000000 10
39.000000000000 7
40.000000000000 11
41.000000000000 7
42.000000000000 4
43.000000000000 15
44.000000000000 12
45.000000000000 13
46.000000000000 16
47.000000000000 7
48.000000000000 12
49.000000000000 7
50.000000000000 7
51.000000000000 9
52.000000000000 13
53.000000000000 7
54.000000000000 12
55.000000000000 12
56.000000000000 8
57.000000000000 9
58.000000000000 8
59.000000000000 7
60.000000000000 8
61.000000000000 11
62.000000000000 8
63.000000000000 5
64.000000000000 11
65.000000000000 9
66.000000000000 7
67.000000000000 12
68.000000000000 5
69.000000000000 7
70.000000000000 9
71.000000000000 9
72.000000000000 7
73.000000000000 9
74.000000000000 6
75.000000000000 12
76.000000000000 8
77.000000000000 12
78.000000000000 5
79.000000000000 3
80.000000000000 13
81.000000000000 4
82.000000000000 9
83.000000000000 6
84.000000000000 5
85.000000000000 12
86.000000000000 9
87.000000000000 6
88.000000000000 4
89.000000000000 8
90.000000000000 4
91.000000000000 7
92.000000000000 4
93.000000000000 4
94.000000000000 3
95.000000000000 7
96.000000000000 4
97.000000000000 3
98.000000000000 5
99.000000000000 4
100.000000000000 6
101.000000000000 6
102.000000000000 5
103.000000000000 7
104.000000000000 2
105.000000000000 4
106.000000000000 4
107.000000000000 7
108.000000000000 5
109.000000000000 1
110.000000000000 6
111.000000000000 6
112.000000000000 4
113.000000000000 1
114.000000000000 6
115.000000000000 7
116.000000000000 1
117.000000000000 3
118.000000000000 1
119.000000000000 1
120.000000000000 2
121.000000000000 4
122.000000000000 2
123.000000000000 1
124.000000000000 2
125.000000000000 2
126.000000000000 3
127.000000000000 5
128.000000000000 3
129.000000000000 3
130.000000000000 3
131.000000000000 3
132.000000000000 3
133.000000000000 2
134.000000000000 1
135.000000000000 2
136.000000000000 5
137.000000000000 3
138.000000000000 3
140.000000000000 3
141.000000000000 4
142.000000000000 1
144.000000000000 5
145.000000000000 1
146.000000000000 1
147.000000000000 2
149.000000000000 5
150.000000000000 3
151.000000000000 2
152.000000000000 2
153.000000000000 1
155.000000000000 2
156.000000000000 2
157.000000000000 2
158.000000000000 3
159.000000000000 1
160.000000000000 2
161.000000000000 2
163.000000000000 3
164.000000000000 1
165.000000000000 1
166.000000000000 1
167.000000000000 1
168.000000000000 2
171.000000000000 1
172.000000000000 1
173.000000000000 2
174.000000000000 2
176.000000000000 1
178.000000000000 1
180.000000000000 1
182.000000000000 2
185.000000000000 1
187.000000000000 1
190.000000000000 1
191.000000000000 1
192.000000000000 1
193.000000000000 2
196.000000000000 2
197.000000000000 2
199.000000000000 1
200.000000000000 1
201.000000000000 3
207.000000000000 1
209.000000000000 4
211.000000000000 2
214.000000000000 1
218.000000000000 1
221.000000000000 1
222.000000000000 2
225.000000000000 1
228.000000000000 1
229.000000000000 1
231.000000000000 1
233.000000000000 1
236.000000000000 1
242.000000000000 1
249.000000000000 1
253.000000000000 1
