256 256
257 256
257 255
258 255
258 256
258 257
258 258
257 258
257 257
256 257
255 257
255 258
256 258
256 259
257 259
257 260
258 260
259 260
260 260
260 261
260 262
260 263
260 264
261 264
261 265
261 266
260 266
260 265
259 265
259 266
259 267
258 267
258 268
259 268
259 269
258 269
257 269
257 268
257 267
257 266
258 266
258 265
257 265
256 265
256 264
257 264
258 264
258 263
259 263
259 262
258 262
257 262
257 261
256 261
255 261
255 262
255 263
255 264
255 265
254 265
254 264
254 263
253 263
253 264
253 265
253 266
253 267
253 268
252 268
252 267
251 267
250 267
249 267
249 268
249 269
250 269
250 270
250 271
250 272
249 272
249 273
250 273
250 274
249 274
248 274
247 274
246 274
246 275
247 275
247 276
248 276
248 277
247 277
247 278
248 278
249 278
249 279
248 279
247 279
246 279
246 280
245 280
245 279
245 278
246 278
246 277
246 276
245 276
244 276
243 276
243 275
242 275
242 276
241 276
241 275
241 274
240 274
240 275
239 275
239 274
239 273
238 273
238 274
237 274
237 275
237 276
237 277
237 278
236 278
235 278
234 278
234 279
234 280
233 280
233 281
232 281
231 281
231 282
231 283
231 284
230 284
229 284
229 283
230 283
230 282
229 282
229 281
228 281
228 280
227 280
227 279
226 279
226 280
226 281
225 281
224 281
224 282
224 283
223 283
222 283
222 282
223 282
223 281
223 280
223 279
222 279
221 279
221 278
222 278
223 278
224 278
224 277
223 277
222 277
221 277
220 277
220 278
219 278
218 278
218 277
219 277
219 276
220 276
221 276
221 275
222 275
223 275
223 276
222 276
