-3.566150547269 0.001000000000
-3.505976190419 0.001000000000
-3.445801833568 0.001000000000
-3.385627476718 0.001000000000
-3.265278763018 0.001000000000
-3.205104406167 0.001000000000
-3.144930049317 0.001000000000
-2.964406978766 0.001000000000
-2.783883908215 0.001000000000
-2.723709551365 0.004000000000
-2.603360837665 0.001000000000
-2.543186480814 0.001000000000
-2.422837767114 0.002000000000
-2.362663410264 0.001000000000
-2.302489053413 0.004000000000
-2.242314696563 0.001000000000
-2.182140339713 0.003000000000
-2.121965982863 0.004000000000
-2.061791626012 0.005000000000
-2.001617269162 0.006000000000
-1.941442912312 0.006000000000
-1.881268555461 0.012000000000
-1.821094198611 0.009000000000
-1.760919841761 0.002000000000
-1.700745484911 0.010000000000
-1.640571128060 0.009000000000
-1.580396771210 0.006000000000
-1.520222414360 0.011000000000
-1.460048057510 0.009000000000
-1.399873700659 0.010000000000
-1.339699343809 0.016000000000
-1.279524986959 0.014000000000
-1.219350630109 0.005000000000
-1.159176273258 0.014000000000
-1.099001916408 0.015000000000
-1.038827559558 0.014000000000
-0.978653202707 0.012000000000
-0.918478845857 0.013000000000
-0.858304489007 0.011000000000
-0.798130132157 0.013000000000
-0.737955775306 0.016000000000
-0.677781418456 0.022000000000
-0.617607061606 0.022000000000
-0.557432704756 0.019000000000
-0.497258347905 0.015000000000
-0.437083991055 0.018000000000
-0.376909634205 0.013000000000
-0.316735277355 0.023000000000
-0.256560920504 0.019000000000
-0.196386563654 0.018000000000
-0.136212206804 0.025000000000
-0.076037849953 0.020000000000
-0.015863493103 0.019000000000
0.044310863747 0.022000000000
0.104485220597 0.024000000000
0.164659577448 0.019000000000
0.224833934298 0.022000000000
0.285008291148 0.024000000000
0.345182647998 0.015000000000
0.405357004849 0.027000000000
0.465531361699 0.022000000000
0.525705718549 0.016000000000
0.585880075399 0.012000000000
0.646054432250 0.018000000000
0.706228789100 0.018000000000
0.766403145950 0.018000000000
0.826577502800 0.016000000000
0.886751859651 0.016000000000
0.946926216501 0.019000000000
1.007100573351 0.015000000000
1.067274930202 0.009000000000
1.127449287052 0.017000000000
1.187623643902 0.007000000000
1.247798000752 0.010000000000
1.307972357603 0.004000000000
1.368146714453 0.010000000000
1.428321071303 0.010000000000
1.488495428153 0.009000000000
1.548669785004 0.011000000000
1.608844141854 0.007000000000
1.669018498704 0.002000000000
1.729192855554 0.010000000000
1.789367212405 0.010000000000
1.849541569255 0.006000000000
1.909715926105 0.001000000000
1.969890282956 0.004000000000
2.030064639806 0.007000000000
2.090238996656 0.002000000000
2.150413353506 0.007000000000
2.210587710357 0.002000000000
2.270762067207 0.003000000000
2.391110780907 0.004000000000
2.451285137758 0.005000000000
2.511459494608 0.001000000000
2.631808208308 0.002000000000
2.691982565159 0.001000000000
2.752156922009 0.005000000000
2.812331278859 0.001000000000
2.932679992560 0.001000000000
3.173377419961 0.002000000000
3.293726133661 0.002000000000
3.353900490512 0.001000000000
3.414074847362 0.001000000000
3.594597917913 0.001000000000
