-2.224047834624 0.002000000000
-2.049007780996 0.001000000000
-1.663919663017 0.001000000000
-1.558895630840 0.001000000000
-1.523887620115 0.001000000000
-1.488879609389 0.003000000000
-1.453871598664 0.004000000000
-1.418863587939 0.005000000000
-1.348847566488 0.004000000000
-1.313839555762 0.001000000000
-1.278831545037 0.005000000000
-1.243823534311 0.003000000000
-1.208815523586 0.001000000000
-1.173807512861 0.008000000000
-1.138799502135 0.002000000000
-1.103791491410 0.003000000000
-1.068783480684 0.006000000000
-1.033775469959 0.006000000000
-0.998767459233 0.005000000000
-0.963759448508 0.004000000000
-0.928751437782 0.007000000000
-0.893743427057 0.016000000000
-0.858735416332 0.005000000000
-0.823727405606 0.008000000000
-0.788719394881 0.009000000000
-0.753711384155 0.009000000000
-0.718703373430 0.011000000000
-0.683695362704 0.015000000000
-0.648687351979 0.013000000000
-0.613679341254 0.010000000000
-0.578671330528 0.014000000000
-0.543663319803 0.017000000000
-0.508655309077 0.012000000000
-0.473647298352 0.020000000000
-0.438639287626 0.014000000000
-0.403631276901 0.031000000000
-0.368623266176 0.018000000000
-0.333615255450 0.018000000000
-0.298607244725 0.019000000000
-0.263599233999 0.027000000000
-0.228591223274 0.021000000000
-0.193583212548 0.021000000000
-0.158575201823 0.030000000000
-0.123567191097 0.019000000000
-0.088559180372 0.019000000000
-0.053551169647 0.023000000000
-0.018543158921 0.015000000000
0.016464851804 0.017000000000
0.051472862530 0.030000000000
0.086480873255 0.019000000000
0.121488883981 0.022000000000
0.156496894706 0.015000000000
0.191504905431 0.017000000000
0.226512916157 0.029000000000
0.261520926882 0.015000000000
0.296528937608 0.020000000000
0.331536948333 0.022000000000
0.366544959059 0.020000000000
0.401552969784 0.015000000000
0.436560980510 0.018000000000
0.471568991235 0.023000000000
0.506577001960 0.016000000000
0.541585012686 0.017000000000
0.576593023411 0.015000000000
0.611601034137 0.011000000000
0.646609044862 0.013000000000
0.681617055588 0.012000000000
0.716625066313 0.013000000000
0.751633077038 0.009000000000
0.786641087764 0.008000000000
0.821649098489 0.009000000000
0.856657109215 0.008000000000
0.891665119940 0.006000000000
0.926673130666 0.004000000000
0.961681141391 0.006000000000
0.996689152116 0.007000000000
1.031697162842 0.006000000000
1.066705173567 0.008000000000
1.101713184293 0.005000000000
1.136721195018 0.006000000000
1.171729205744 0.004000000000
1.206737216469 0.003000000000
1.241745227195 0.003000000000
1.276753237920 0.004000000000
1.311761248645 0.005000000000
1.346769259371 0.002000000000
1.381777270096 0.001000000000
1.416785280822 0.002000000000
1.451793291547 0.001000000000
1.521809312998 0.001000000000
1.556817323723 0.001000000000
1.661841355900 0.001000000000
1.766865388076 0.001000000000
1.801873398802 0.001000000000
1.941905441703 0.001000000000
