2900 0.003100252197
2901 0.003113638432
2902 0.003124347421
2903 0.003135056410
2904 0.003153797140
2905 0.003180569611
2906 0.003212696577
2907 0.003250178037
2908 0.003301045733
2909 0.003362622417
2910 0.003429553596
2911 0.003488453033
2912 0.003533966235
2913 0.003574124942
2914 0.003616960896
2915 0.003662474098
2916 0.003710664546
2917 0.003753500501
2918 0.003793659208
2919 0.003833817915
2920 0.003879331117
2921 0.003932876060
2922 0.003989098250
2923 0.004045320440
2924 0.004098865383
2925 0.004152410326
2926 0.004208632516
2927 0.004275563694
2928 0.004345172120
2929 0.004409426052
2930 0.004460293748
2931 0.004508484196
2932 0.004562029139
2933 0.004626283071
2934 0.004693214249
2935 0.004760145428
2936 0.004819044865
2937 0.004869912561
2938 0.004920780257
2939 0.004968970706
2940 0.005014483907
2941 0.005054642614
2942 0.005089446827
2943 0.005126928287
2944 0.005185827725
2945 0.005271499633
2946 0.005370557778
2947 0.005474970416
2948 0.005571351314
2949 0.005670409458
2950 0.005777499344
2951 0.005908684454
2952 0.006063964789
2953 0.006235308606
2954 0.006395943435
2955 0.006524451298
2956 0.006618154948
2957 0.006695795116
2958 0.006778789777
2959 0.006877847922
2960 0.006992969549
2961 0.007110768423
2962 0.007207149321
2963 0.007263371511
2964 0.007260694264
2965 0.007193763085
2966 0.007070609716
2967 0.006893911405
2968 0.006682408880
2969 0.006449488378
2970 0.006232631359
2971 0.006058610295
2972 0.005938134173
2973 0.005849785017
2974 0.005753404120
2975 0.005611510021
2976 0.005410716485
2977 0.005167086994
2978 0.004920780257
2979 0.004717309474
2980 0.004591478858
2981 0.004540611162
2982 0.004543288409
2983 0.004553997398
2984 0.004529902173
2985 0.004441553018
2986 0.004286272683
2987 0.004082801900
2988 0.003860590387
2989 0.003635701626
2990 0.003418844607
2991 0.003228760060
2992 0.003196633094
2993 0.003903426341
2994 0.007132186401
2995 0.016572159842
2996 0.036423947440
2997 0.066122650046
2998 0.095202908561
2999 0.107419187295
3000 0.094613914189
3001 0.064960724784
3002 0.034750667973
3003 0.014481229820
3004 0.004698568744
3005 0.001186020486
3006 0.000232920502
3007 0.000034804213
3008 0.000005354494
3009 0.000000000000
3010 0.000000000000
