106 0
108 0
110 0
111 0
113 0
118 0
123 0
125 0
131 0
136 0
142 0
145 0
128 7
253 98
0 102
255 102
25 104
28 104
32 104
255 104
0 105
27 106
30 106
32 106
223 106
225 106
228 106
255 106
23 107
27 107
30 107
225 107
228 107
230 107
0 108
26 108
229 108
255 108
226 109
0 110
30 110
225 110
255 110
19 111
22 111
24 111
231 111
233 111
236 111
0 113
18 113
26 113
231 113
240 113
19 114
22 114
231 114
235 114
255 114
23 115
227 115
233 115
21 116
23 116
25 116
26 116
230 116
231 116
233 116
235 116
15 117
21 117
25 117
27 117
227 117
231 117
235 117
1 118
20 118
22 118
25 118
236 118
13 119
15 119
19 119
22 119
23 119
24 119
27 119
232 119
235 119
241 119
255 119
14 120
17 120
236 120
22 121
228 121
232 121
15 122
19 122
233 122
237 122
0 123
16 123
233 123
238 123
0 124
18 124
21 124
231 124
232 124
235 124
255 124
9 125
15 125
18 125
24 125
247 125
255 125
1 126
20 126
24 126
233 126
234 126
238 126
239 126
242 126
246 126
247 126
1 127
5 127
8 127
12 127
13 127
19 127
22 127
26 127
30 127
223 127
227 127
231 127
242 127
247 127
250 127
253 127
254 127
255 127
1 128
2 128
3 128
8 128
11 128
14 128
15 128
20 128
24 128
28 128
223 128
227 128
231 128
244 128
246 128
247 128
250 128
253 128
255 128
1 129
20 129
24 129
233 129
236 129
239 129
240 129
244 129
248 129
250 129
254 129
15 130
20 130
26 130
255 130
0 131
10 131
18 131
19 131
232 131
233 131
237 131
252 131
255 131
0 132
16 132
233 132
238 132
15 133
19 133
233 133
237 133
22 134
24 134
228 134
232 134
20 135
236 135
13 136
15 136
17 136
19 136
22 136
23 136
24 136
27 136
232 136
235 136
241 136
255 136
22 137
25 137
236 137
15 138
21 138
25 138
27 138
227 138
231 138
235 138
21 139
23 139
25 139
26 139
230 139
231 139
233 139
235 139
23 140
227 140
233 140
19 141
22 141
231 141
235 141
255 141
0 142
26 142
229 142
24 144
231 144
28 145
227 145
27 146
0 147
24 147
231 147
255 147
0 148
27 148
230 148
0 149
27 149
30 149
32 149
223 149
225 149
228 149
0 151
223 151
227 151
230 151
0 153
255 153
253 157
131 253
112 255
160 255
