96 101
97 101
98 101
99 101
106 101
107 101
148 101
149 101
156 101
157 101
158 101
159 101
96 103
97 103
158 103
159 103
95 104
99 104
100 104
144 104
155 104
156 104
97 105
98 105
116 105
158 105
159 105
95 106
97 106
98 106
100 106
101 106
120 106
136 106
155 106
156 106
157 106
158 106
160 106
95 107
97 107
98 107
100 107
101 107
104 107
153 107
154 107
155 107
157 107
158 107
160 107
97 108
98 108
101 108
103 108
104 108
105 108
150 108
151 108
152 108
154 108
157 108
158 108
99 109
100 109
123 109
132 109
155 109
156 109
157 109
97 110
99 110
102 110
103 110
152 110
153 110
156 110
158 110
99 111
100 111
103 111
105 111
106 111
107 111
108 111
122 111
124 111
147 111
148 111
149 111
150 111
152 111
155 111
156 111
100 112
101 112
102 112
103 112
152 112
153 112
154 112
155 112
99 113
100 113
103 113
111 113
121 113
133 113
143 113
152 113
155 113
156 113
100 114
101 114
102 114
103 114
105 114
108 114
110 114
145 114
146 114
148 114
149 114
150 114
152 114
153 114
154 114
100 115
103 115
106 115
134 115
148 115
154 115
155 115
156 115
100 116
103 116
104 116
106 116
119 116
148 116
150 116
152 116
153 116
155 116
100 117
102 117
103 117
106 117
108 117
114 117
135 117
146 117
150 117
154 117
155 117
156 117
100 118
102 118
103 118
109 118
113 118
118 118
131 118
142 118
145 118
147 118
148 118
153 118
154 118
100 119
102 119
106 119
107 119
108 119
112 119
114 119
142 119
148 119
149 119
150 119
152 119
155 119
100 120
102 120
103 120
109 120
110 120
113 120
117 120
137 120
145 120
147 120
152 120
153 120
154 120
100 121
101 121
105 121
106 121
107 121
115 121
130 121
140 121
149 121
150 121
151 121
155 121
100 122
101 122
104 122
105 122
108 122
109 122
110 122
114 122
125 122
140 122
143 122
144 122
146 122
147 122
148 122
149 122
152 122
153 122
154 122
101 123
102 123
103 123
104 123
106 123
107 123
113 123
127 123
139 123
145 123
149 123
150 123
151 123
152 123
154 123
100 124
101 124
103 124
104 124
106 124
109 124
144 124
145 124
148 124
149 124
152 124
154 124
101 125
107 125
109 125
110 125
116 125
127 125
134 125
149 125
150 125
151 125
154 125
101 126
104 126
105 126
107 126
124 126
132 126
141 126
145 126
147 126
151 126
154 126
68 127
69 127
70 127
71 127
72 127
73 127
74 127
75 127
76 127
77 127
78 127
79 127
80 127
81 127
82 127
83 127
85 127
87 127
89 127
91 127
93 127
95 127
96 127
98 127
100 127
102 127
103 127
105 127
107 127
108 127
118 127
122 127
123 127
124 127
125 127
128 127
129 127
130 127
133 127
135 127
138 127
139 127
145 127
147 127
148 127
150 127
152 127
153 127
155 127
157 127
159 127
160 127
162 127
164 127
166 127
168 127
170 127
172 127
173 127
174 127
175 127
176 127
177 127
178 127
179 127
180 127
181 127
182 127
183 127
184 127
185 127
186 127
187 127
68 128
69 128
70 128
71 128
72 128
73 128
74 128
75 128
76 128
77 128
78 128
79 128
80 128
81 128
82 128
83 128
85 128
87 128
89 128
91 128
93 128
95 128
96 128
98 128
100 128
102 128
103 128
105 128
107 128
108 128
118 128
122 128
123 128
124 128
126 128
127 128
128 128
130 128
132 128
133 128
135 128
138 128
139 128
145 128
147 128
148 128
150 128
152 128
153 128
155 128
157 128
159 128
160 128
162 128
164 128
166 128
168 128
170 128
172 128
173 128
174 128
175 128
176 128
177 128
178 128
179 128
180 128
181 128
182 128
183 128
184 128
185 128
186 128
187 128
101 129
104 129
105 129
107 129
124 129
126 129
128 129
132 129
141 129
145 129
147 129
151 129
154 129
101 130
107 130
109 130
110 130
126 130
130 130
149 130
150 130
151 130
154 130
100 131
101 131
103 131
104 131
106 131
109 131
117 131
133 131
144 131
145 131
148 131
149 131
152 131
154 131
101 132
102 132
103 132
104 132
106 132
107 132
113 132
127 132
139 132
145 132
149 132
150 132
151 132
152 132
154 132
100 133
101 133
104 133
105 133
108 133
109 133
110 133
114 133
125 133
140 133
143 133
144 133
146 133
147 133
148 133
149 133
152 133
153 133
154 133
101 134
105 134
106 134
107 134
115 134
140 134
149 134
150 134
151 134
155 134
100 135
102 135
103 135
109 135
110 135
113 135
117 135
137 135
145 135
147 135
152 135
153 135
154 135
100 136
102 136
106 136
107 136
108 136
112 136
114 136
142 136
148 136
149 136
150 136
152 136
155 136
100 137
102 137
103 137
109 137
113 137
118 137
131 137
142 137
145 137
147 137
148 137
153 137
154 137
100 138
102 138
103 138
106 138
108 138
114 138
135 138
146 138
150 138
154 138
155 138
156 138
100 139
103 139
104 139
106 139
119 139
148 139
150 139
152 139
153 139
155 139
100 140
103 140
106 140
134 140
148 140
154 140
155 140
156 140
100 141
101 141
102 141
103 141
105 141
108 141
110 141
145 141
146 141
148 141
149 141
150 141
152 141
153 141
154 141
99 142
100 142
103 142
121 142
133 142
152 142
155 142
156 142
100 143
101 143
102 143
103 143
152 143
153 143
154 143
155 143
99 144
100 144
103 144
105 144
106 144
107 144
122 144
124 144
148 144
149 144
150 144
152 144
155 144
156 144
97 145
99 145
102 145
103 145
108 145
109 145
146 145
147 145
152 145
153 145
156 145
158 145
98 146
99 146
100 146
105 146
106 146
123 146
132 146
149 146
150 146
155 146
156 146
97 147
98 147
101 147
102 147
103 147
104 147
105 147
150 147
151 147
152 147
153 147
154 147
157 147
158 147
97 148
98 148
100 148
101 148
102 148
151 148
154 148
155 148
157 148
158 148
95 149
97 149
98 149
99 149
100 149
120 149
136 149
154 149
155 149
157 149
158 149
160 149
96 150
97 150
116 150
157 150
158 150
99 151
100 151
111 151
155 151
156 151
160 151
96 152
97 152
158 152
159 152
96 154
97 154
98 154
99 154
106 154
107 154
149 154
156 154
157 154
158 154
159 154
127 158
