124 101
125 101
126 101
127 101
128 101
129 101
130 101
131 101
127 102
128 102
124 103
125 103
126 103
127 103
128 103
129 103
130 103
131 103
123 104
126 104
127 104
128 104
129 104
130 104
125 105
126 105
127 105
128 105
129 105
130 105
131 105
123 106
125 106
126 106
127 106
128 106
129 106
130 106
132 106
123 107
125 107
126 107
127 107
128 107
129 107
130 107
132 107
125 108
126 108
127 108
128 108
129 108
130 108
124 109
125 109
126 109
127 109
128 109
129 109
130 109
124 110
125 110
126 110
127 110
128 110
129 110
130 110
131 110
124 111
125 111
126 111
127 111
128 111
129 111
130 111
131 111
132 111
123 112
124 112
125 112
126 112
127 112
128 112
129 112
130 112
131 112
132 112
123 113
124 113
125 113
126 113
127 113
128 113
129 113
130 113
131 113
132 113
122 114
123 114
124 114
125 114
126 114
127 114
128 114
129 114
130 114
131 114
132 114
133 114
122 115
123 115
124 115
125 115
126 115
127 115
128 115
129 115
130 115
131 115
132 115
133 115
122 116
123 116
124 116
125 116
126 116
127 116
128 116
129 116
130 116
131 116
132 116
133 116
121 117
122 117
123 117
124 117
125 117
126 117
127 117
128 117
129 117
130 117
131 117
132 117
133 117
134 117
121 118
122 118
123 118
124 118
125 118
126 118
127 118
128 118
129 118
130 118
131 118
132 118
133 118
134 118
121 119
122 119
123 119
124 119
125 119
126 119
127 119
128 119
129 119
130 119
131 119
132 119
133 119
134 119
121 120
122 120
123 120
124 120
125 120
126 120
127 120
128 120
129 120
130 120
131 120
132 120
133 120
134 120
117 121
118 121
119 121
120 121
121 121
122 121
123 121
124 121
125 121
126 121
127 121
128 121
129 121
130 121
131 121
132 121
133 121
134 121
135 121
136 121
137 121
138 121
114 122
115 122
116 122
117 122
118 122
119 122
120 122
121 122
122 122
123 122
124 122
125 122
126 122
127 122
128 122
129 122
130 122
131 122
132 122
133 122
134 122
135 122
136 122
137 122
138 122
139 122
140 122
141 122
111 123
112 123
113 123
114 123
115 123
116 123
117 123
118 123
119 123
120 123
121 123
122 123
123 123
124 123
125 123
126 123
127 123
128 123
129 123
130 123
131 123
132 123
133 123
134 123
135 123
136 123
137 123
138 123
139 123
140 123
141 123
142 123
143 123
110 124
111 124
112 124
113 124
114 124
115 124
116 124
117 124
118 124
119 124
120 124
121 124
122 124
123 124
124 124
125 124
126 124
127 124
128 124
129 124
130 124
131 124
132 124
133 124
134 124
135 124
136 124
137 124
138 124
139 124
140 124
141 124
142 124
143 124
144 124
145 124
146 124
108 125
109 125
110 125
111 125
112 125
113 125
114 125
115 125
116 125
117 125
118 125
119 125
120 125
121 125
122 125
123 125
124 125
125 125
126 125
127 125
128 125
129 125
130 125
131 125
132 125
133 125
134 125
135 125
136 125
137 125
138 125
139 125
140 125
141 125
142 125
143 125
144 125
145 125
146 125
147 125
103 126
105 126
106 126
107 126
108 126
109 126
110 126
111 126
112 126
113 126
114 126
115 126
116 126
117 126
118 126
119 126
120 126
121 126
122 126
123 126
124 126
125 126
126 126
127 126
128 126
129 126
130 126
131 126
132 126
133 126
134 126
135 126
136 126
137 126
138 126
139 126
140 126
141 126
142 126
143 126
144 126
145 126
146 126
147 126
148 126
149 126
150 126
152 126
96 127
97 127
98 127
99 127
100 127
101 127
102 127
103 127
104 127
105 127
106 127
107 127
108 127
109 127
110 127
111 127
112 127
113 127
114 127
115 127
116 127
117 127
118 127
119 127
120 127
121 127
122 127
123 127
124 127
125 127
126 127
127 127
128 127
129 127
130 127
131 127
132 127
133 127
134 127
135 127
136 127
137 127
138 127
139 127
140 127
141 127
142 127
143 127
144 127
145 127
146 127
147 127
148 127
149 127
150 127
151 127
152 127
153 127
154 127
155 127
156 127
157 127
158 127
159 127
96 128
97 128
98 128
99 128
100 128
101 128
102 128
103 128
104 128
105 128
106 128
107 128
108 128
109 128
110 128
111 128
112 128
113 128
114 128
115 128
116 128
117 128
118 128
119 128
120 128
121 128
122 128
123 128
124 128
125 128
126 128
127 128
128 128
129 128
130 128
131 128
132 128
133 128
134 128
135 128
136 128
137 128
138 128
139 128
140 128
141 128
142 128
143 128
144 128
145 128
146 128
147 128
148 128
149 128
150 128
151 128
152 128
153 128
154 128
155 128
156 128
157 128
158 128
159 128
103 129
105 129
106 129
107 129
108 129
109 129
110 129
111 129
112 129
113 129
114 129
115 129
116 129
117 129
118 129
119 129
120 129
121 129
122 129
123 129
124 129
125 129
126 129
127 129
128 129
129 129
130 129
131 129
132 129
133 129
134 129
135 129
136 129
137 129
138 129
139 129
140 129
141 129
142 129
143 129
144 129
145 129
146 129
147 129
148 129
149 129
150 129
152 129
108 130
109 130
110 130
111 130
112 130
113 130
114 130
115 130
116 130
117 130
118 130
119 130
120 130
121 130
122 130
123 130
124 130
125 130
126 130
127 130
128 130
129 130
130 130
131 130
132 130
133 130
134 130
135 130
136 130
137 130
138 130
139 130
140 130
141 130
142 130
143 130
144 130
145 130
146 130
147 130
148 130
109 131
110 131
111 131
112 131
113 131
114 131
115 131
116 131
117 131
118 131
119 131
120 131
121 131
122 131
123 131
124 131
125 131
126 131
127 131
128 131
129 131
130 131
131 131
132 131
133 131
134 131
135 131
136 131
137 131
138 131
139 131
140 131
141 131
142 131
143 131
144 131
145 131
112 132
113 132
114 132
115 132
116 132
117 132
118 132
119 132
120 132
121 132
122 132
123 132
124 132
125 132
126 132
127 132
128 132
129 132
130 132
131 132
132 132
133 132
134 132
135 132
136 132
137 132
138 132
139 132
140 132
141 132
142 132
143 132
144 132
114 133
115 133
116 133
117 133
118 133
119 133
120 133
121 133
122 133
123 133
124 133
125 133
126 133
127 133
128 133
129 133
130 133
131 133
132 133
133 133
134 133
135 133
136 133
137 133
138 133
139 133
140 133
141 133
117 134
118 134
119 134
120 134
121 134
122 134
123 134
124 134
125 134
126 134
127 134
128 134
129 134
130 134
131 134
132 134
133 134
134 134
135 134
136 134
137 134
138 134
121 135
122 135
123 135
124 135
125 135
126 135
127 135
128 135
129 135
130 135
131 135
132 135
133 135
134 135
121 136
122 136
123 136
124 136
125 136
126 136
127 136
128 136
129 136
130 136
131 136
132 136
133 136
134 136
121 137
122 137
123 137
124 137
125 137
126 137
127 137
128 137
129 137
130 137
131 137
132 137
133 137
134 137
121 138
122 138
123 138
124 138
125 138
126 138
127 138
128 138
129 138
130 138
131 138
132 138
133 138
134 138
122 139
123 139
124 139
125 139
126 139
127 139
128 139
129 139
130 139
131 139
132 139
133 139
122 140
123 140
124 140
125 140
126 140
127 140
128 140
129 140
130 140
131 140
132 140
133 140
122 141
123 141
124 141
125 141
126 141
127 141
128 141
129 141
130 141
131 141
132 141
133 141
123 142
124 142
125 142
126 142
127 142
128 142
129 142
130 142
131 142
132 142
123 143
124 143
125 143
126 143
127 143
128 143
129 143
130 143
131 143
132 143
123 144
124 144
125 144
126 144
127 144
128 144
129 144
130 144
131 144
132 144
124 145
125 145
126 145
127 145
128 145
129 145
130 145
131 145
125 146
126 146
127 146
128 146
129 146
130 146
131 146
124 147
125 147
126 147
127 147
128 147
129 147
130 147
131 147
125 148
126 148
127 148
128 148
129 148
130 148
123 149
124 149
125 149
126 149
127 149
128 149
129 149
130 149
131 149
132 149
124 150
125 150
126 150
127 150
128 150
129 150
130 150
125 151
126 151
127 151
128 151
129 151
132 151
124 152
125 152
126 152
127 152
128 152
129 152
130 152
131 152
127 153
128 153
124 154
125 154
126 154
127 154
128 154
129 154
130 154
131 154
