106 81
107 81
148 81
149 81
144 84
116 85
120 86
136 86
123 89
132 89
122 91
124 91
121 93
133 93
110 94
145 94
134 95
119 96
135 97
113 98
118 98
131 98
142 98
117 100
137 100
76 101
77 101
78 101
79 101
115 101
130 101
140 101
176 101
177 101
178 101
179 101
125 102
76 103
77 103
127 103
139 103
178 103
179 103
75 104
79 104
80 104
175 104
176 104
77 105
78 105
127 105
178 105
179 105
75 106
77 106
78 106
80 106
81 106
175 106
176 106
177 106
178 106
180 106
75 107
77 107
78 107
80 107
81 107
84 107
173 107
174 107
175 107
177 107
178 107
180 107
77 108
78 108
81 108
83 108
84 108
85 108
170 108
171 108
172 108
174 108
177 108
178 108
79 109
80 109
175 109
176 109
177 109
77 110
79 110
82 110
83 110
172 110
173 110
176 110
178 110
79 111
80 111
83 111
85 111
86 111
87 111
88 111
167 111
168 111
169 111
170 111
172 111
175 111
176 111
80 112
81 112
82 112
83 112
172 112
173 112
174 112
175 112
79 113
80 113
83 113
91 113
163 113
172 113
175 113
176 113
80 114
81 114
82 114
83 114
85 114
88 114
166 114
168 114
169 114
170 114
172 114
173 114
174 114
80 115
83 115
86 115
168 115
174 115
175 115
176 115
80 116
83 116
84 116
86 116
168 116
170 116
172 116
173 116
175 116
80 117
82 117
83 117
86 117
88 117
94 117
128 117
166 117
170 117
174 117
175 117
176 117
80 118
82 118
83 118
89 118
165 118
167 118
168 118
173 118
174 118
80 119
82 119
86 119
87 119
88 119
92 119
94 119
162 119
168 119
169 119
170 119
172 119
175 119
80 120
82 120
83 120
89 120
90 120
93 120
165 120
167 120
172 120
173 120
174 120
80 121
81 121
85 121
86 121
87 121
169 121
170 121
171 121
175 121
80 122
81 122
84 122
85 122
88 122
89 122
90 122
94 122
160 122
163 122
164 122
166 122
167 122
168 122
169 122
172 122
173 122
174 122
81 123
82 123
83 123
84 123
86 123
87 123
93 123
165 123
169 123
170 123
171 123
172 123
174 123
80 124
81 124
83 124
84 124
86 124
89 124
164 124
165 124
168 124
169 124
172 124
174 124
81 125
87 125
89 125
90 125
96 125
154 125
169 125
170 125
171 125
174 125
81 126
84 126
85 126
87 126
104 126
152 126
161 126
165 126
167 126
171 126
174 126
48 127
49 127
50 127
51 127
52 127
53 127
54 127
55 127
56 127
57 127
58 127
59 127
60 127
61 127
62 127
63 127
65 127
67 127
69 127
71 127
73 127
75 127
76 127
78 127
80 127
82 127
83 127
85 127
87 127
88 127
98 127
102 127
112 127
116 127
119 127
140 127
143 127
144 127
148 127
153 127
158 127
159 127
165 127
167 127
168 127
170 127
172 127
173 127
175 127
177 127
179 127
180 127
182 127
184 127
186 127
188 127
190 127
192 127
193 127
194 127
195 127
196 127
197 127
198 127
199 127
200 127
201 127
202 127
203 127
204 127
205 127
206 127
207 127
48 128
49 128
50 128
51 128
52 128
53 128
54 128
55 128
56 128
57 128
58 128
59 128
60 128
61 128
62 128
63 128
65 128
67 128
69 128
71 128
73 128
75 128
76 128
78 128
80 128
82 128
83 128
85 128
87 128
88 128
98 128
102 128
105 128
106 128
109 128
112 128
118 128
119 128
138 128
142 128
148 128
149 128
152 128
153 128
158 128
159 128
165 128
167 128
168 128
170 128
172 128
173 128
175 128
177 128
179 128
180 128
182 128
184 128
186 128
188 128
190 128
192 128
193 128
194 128
195 128
196 128
197 128
198 128
199 128
200 128
201 128
202 128
203 128
204 128
205 128
206 128
207 128
81 129
84 129
85 129
87 129
104 129
106 129
148 129
152 129
161 129
165 129
167 129
171 129
174 129
81 130
87 130
89 130
90 130
169 130
170 130
171 130
174 130
80 131
81 131
83 131
84 131
86 131
89 131
97 131
153 131
164 131
165 131
168 131
169 131
172 131
174 131
81 132
82 132
83 132
84 132
86 132
87 132
93 132
165 132
169 132
170 132
171 132
172 132
174 132
80 133
81 133
84 133
85 133
88 133
89 133
90 133
94 133
160 133
163 133
164 133
166 133
167 133
168 133
169 133
172 133
173 133
174 133
81 134
85 134
86 134
87 134
169 134
170 134
171 134
175 134
80 135
82 135
83 135
89 135
90 135
93 135
165 135
167 135
172 135
173 135
174 135
80 136
82 136
86 136
87 136
88 136
92 136
94 136
162 136
168 136
169 136
170 136
172 136
175 136
80 137
82 137
83 137
89 137
165 137
167 137
168 137
173 137
174 137
80 138
82 138
83 138
86 138
88 138
94 138
166 138
170 138
174 138
175 138
176 138
80 139
83 139
84 139
86 139
168 139
170 139
172 139
173 139
175 139
80 140
83 140
86 140
168 140
174 140
175 140
176 140
80 141
81 141
82 141
83 141
85 141
88 141
166 141
168 141
169 141
170 141
172 141
173 141
174 141
79 142
80 142
83 142
172 142
175 142
176 142
80 143
81 143
82 143
83 143
131 143
172 143
173 143
174 143
175 143
79 144
80 144
83 144
85 144
86 144
87 144
168 144
169 144
170 144
172 144
175 144
176 144
77 145
79 145
82 145
83 145
88 145
89 145
166 145
167 145
172 145
173 145
176 145
178 145
78 146
79 146
80 146
85 146
86 146
169 146
170 146
175 146
176 146
77 147
78 147
81 147
82 147
83 147
84 147
85 147
170 147
171 147
172 147
173 147
174 147
177 147
178 147
77 148
78 148
80 148
81 148
82 148
127 148
171 148
174 148
175 148
177 148
178 148
75 149
77 149
78 149
79 149
80 149
174 149
175 149
177 149
178 149
180 149
76 150
77 150
126 150
130 150
177 150
178 150
79 151
80 151
175 151
176 151
180 151
76 152
77 152
127 152
139 152
178 152
179 152
125 153
76 154
77 154
78 154
79 154
115 154
140 154
176 154
177 154
178 154
179 154
117 155
137 155
113 157
118 157
131 157
142 157
135 158
119 159
134 160
110 161
145 161
121 162
133 162
122 164
124 164
123 166
132 166
120 169
136 169
116 170
111 171
106 174
107 174
149 174
127 178
