116 101
117 101
118 101
119 101
136 101
137 101
138 101
139 101
116 103
117 103
138 103
139 103
115 104
119 104
120 104
135 104
136 104
117 105
118 105
138 105
139 105
115 106
117 106
118 106
120 106
121 106
135 106
136 106
137 106
138 106
140 106
115 107
117 107
118 107
120 107
121 107
124 107
133 107
134 107
135 107
137 107
138 107
140 107
117 108
118 108
121 108
123 108
124 108
125 108
130 108
131 108
132 108
134 108
137 108
138 108
119 109
120 109
127 109
135 109
136 109
137 109
117 110
119 110
122 110
123 110
127 110
128 110
132 110
133 110
136 110
138 110
119 111
120 111
123 111
125 111
126 111
127 111
128 111
129 111
130 111
132 111
135 111
136 111
120 112
121 112
122 112
123 112
126 112
129 112
130 112
132 112
133 112
134 112
135 112
119 113
120 113
123 113
125 113
127 113
130 113
132 113
135 113
136 113
120 114
121 114
122 114
123 114
125 114
127 114
128 114
129 114
130 114
132 114
133 114
134 114
120 115
123 115
126 115
127 115
128 115
134 115
135 115
136 115
120 116
123 116
124 116
126 116
127 116
128 116
129 116
130 116
132 116
133 116
135 116
120 117
122 117
123 117
126 117
127 117
128 117
130 117
134 117
135 117
136 117
120 118
122 118
123 118
126 118
127 118
128 118
133 118
134 118
120 119
122 119
125 119
126 119
127 119
128 119
129 119
130 119
132 119
135 119
120 120
122 120
123 120
128 120
130 120
132 120
133 120
134 120
106 121
107 121
120 121
121 121
125 121
126 121
127 121
128 121
129 121
130 121
131 121
135 121
148 121
149 121
120 122
121 122
124 122
125 122
126 122
127 122
128 122
129 122
132 122
133 122
134 122
121 123
122 123
123 123
124 123
125 123
126 123
127 123
128 123
129 123
130 123
131 123
132 123
134 123
120 124
121 124
123 124
124 124
126 124
127 124
128 124
129 124
132 124
134 124
144 124
116 125
121 125
125 125
126 125
127 125
128 125
129 125
130 125
131 125
134 125
115 126
120 126
121 126
122 126
123 126
124 126
125 126
127 126
131 126
132 126
133 126
134 126
135 126
136 126
139 126
140 126
88 127
89 127
90 127
91 127
92 127
93 127
94 127
95 127
96 127
97 127
98 127
99 127
100 127
101 127
102 127
103 127
105 127
106 127
107 127
108 127
109 127
110 127
111 127
112 127
113 127
114 127
115 127
116 127
117 127
118 127
119 127
120 127
121 127
122 127
123 127
125 127
126 127
127 127
128 127
129 127
130 127
131 127
132 127
133 127
134 127
135 127
136 127
137 127
138 127
139 127
140 127
141 127
142 127
143 127
144 127
145 127
146 127
147 127
148 127
149 127
150 127
152 127
153 127
154 127
155 127
156 127
157 127
158 127
159 127
160 127
161 127
162 127
163 127
164 127
165 127
166 127
167 127
88 128
89 128
90 128
91 128
92 128
93 128
94 128
95 128
96 128
97 128
98 128
99 128
100 128
101 128
102 128
103 128
105 128
106 128
107 128
108 128
109 128
110 128
111 128
112 128
113 128
114 128
115 128
116 128
117 128
118 128
119 128
120 128
121 128
122 128
123 128
125 128
126 128
127 128
128 128
129 128
130 128
131 128
132 128
133 128
134 128
135 128
136 128
137 128
138 128
139 128
140 128
141 128
142 128
143 128
144 128
145 128
146 128
147 128
148 128
149 128
150 128
152 128
153 128
154 128
155 128
156 128
157 128
158 128
159 128
160 128
161 128
162 128
163 128
164 128
165 128
166 128
167 128
115 129
120 129
121 129
122 129
123 129
124 129
125 129
127 129
131 129
132 129
133 129
134 129
135 129
136 129
139 129
140 129
116 130
121 130
125 130
126 130
127 130
128 130
129 130
130 130
131 130
134 130
111 131
120 131
121 131
123 131
124 131
126 131
127 131
128 131
129 131
132 131
134 131
121 132
122 132
123 132
124 132
125 132
126 132
127 132
128 132
129 132
130 132
131 132
132 132
134 132
120 133
121 133
124 133
125 133
126 133
127 133
128 133
129 133
132 133
133 133
134 133
106 134
107 134
121 134
125 134
126 134
127 134
128 134
129 134
130 134
131 134
135 134
149 134
120 135
122 135
123 135
128 135
130 135
132 135
133 135
134 135
120 136
122 136
125 136
126 136
127 136
128 136
129 136
130 136
132 136
135 136
120 137
122 137
123 137
126 137
127 137
128 137
133 137
134 137
120 138
122 138
123 138
126 138
127 138
128 138
130 138
134 138
135 138
136 138
120 139
123 139
124 139
126 139
127 139
128 139
129 139
130 139
132 139
133 139
135 139
120 140
123 140
126 140
127 140
128 140
134 140
135 140
136 140
120 141
121 141
122 141
123 141
125 141
127 141
128 141
129 141
130 141
132 141
133 141
134 141
119 142
120 142
123 142
125 142
127 142
130 142
132 142
135 142
136 142
120 143
121 143
122 143
123 143
125 143
132 143
133 143
134 143
135 143
119 144
120 144
123 144
125 144
126 144
127 144
128 144
129 144
130 144
132 144
135 144
136 144
117 145
119 145
122 145
123 145
126 145
127 145
128 145
129 145
132 145
133 145
136 145
138 145
118 146
119 146
120 146
125 146
126 146
127 146
128 146
129 146
130 146
135 146
136 146
117 147
118 147
121 147
122 147
123 147
124 147
125 147
130 147
131 147
132 147
133 147
134 147
137 147
138 147
117 148
118 148
120 148
121 148
122 148
131 148
134 148
135 148
137 148
138 148
115 149
117 149
118 149
119 149
120 149
134 149
135 149
137 149
138 149
140 149
116 150
117 150
137 150
138 150
119 151
120 151
135 151
136 151
140 151
116 152
117 152
138 152
139 152
116 154
117 154
118 154
119 154
136 154
137 154
138 154
139 154
