121 92
122 92
123 92
124 92
125 92
126 92
127 92
128 92
129 92
130 92
131 92
132 92
133 92
117 93
118 93
119 93
120 93
121 93
122 93
123 93
124 93
125 93
126 93
127 93
128 93
129 93
130 93
131 93
132 93
133 93
134 93
135 93
136 93
137 93
138 93
114 94
115 94
116 94
117 94
118 94
119 94
120 94
121 94
122 94
123 94
124 94
125 94
126 94
127 94
128 94
129 94
130 94
131 94
132 94
133 94
134 94
135 94
136 94
137 94
138 94
139 94
140 94
141 94
111 95
112 95
113 95
114 95
115 95
116 95
117 95
118 95
119 95
120 95
121 95
122 95
123 95
124 95
125 95
126 95
127 95
128 95
129 95
130 95
131 95
132 95
133 95
134 95
135 95
136 95
137 95
138 95
139 95
140 95
141 95
142 95
143 95
110 96
111 96
112 96
113 96
114 96
115 96
116 96
117 96
118 96
119 96
120 96
121 96
122 96
123 96
124 96
125 96
126 96
127 96
128 96
129 96
130 96
131 96
132 96
133 96
134 96
135 96
136 96
137 96
138 96
139 96
140 96
141 96
142 96
143 96
144 96
145 96
146 96
108 97
109 97
110 97
111 97
112 97
113 97
114 97
115 97
116 97
117 97
118 97
119 97
120 97
121 97
122 97
123 97
124 97
125 97
126 97
127 97
128 97
129 97
130 97
131 97
132 97
133 97
134 97
135 97
136 97
137 97
138 97
139 97
140 97
141 97
142 97
143 97
144 97
145 97
146 97
147 97
106 98
107 98
108 98
109 98
110 98
111 98
112 98
113 98
114 98
115 98
116 98
117 98
118 98
119 98
120 98
121 98
122 98
123 98
124 98
125 98
126 98
127 98
128 98
129 98
130 98
131 98
132 98
133 98
134 98
135 98
136 98
137 98
138 98
139 98
140 98
141 98
142 98
143 98
144 98
145 98
146 98
147 98
148 98
149 98
104 99
105 99
106 99
107 99
108 99
109 99
110 99
111 99
112 99
113 99
114 99
115 99
116 99
117 99
118 99
119 99
120 99
121 99
122 99
123 99
124 99
125 99
126 99
127 99
128 99
129 99
130 99
131 99
132 99
133 99
134 99
135 99
136 99
137 99
138 99
139 99
140 99
141 99
142 99
143 99
144 99
145 99
146 99
147 99
148 99
149 99
150 99
103 100
104 100
105 100
106 100
107 100
108 100
109 100
110 100
111 100
112 100
113 100
114 100
115 100
116 100
117 100
118 100
119 100
120 100
121 100
122 100
123 100
124 100
125 100
126 100
127 100
128 100
129 100
130 100
131 100
132 100
133 100
134 100
135 100
136 100
137 100
138 100
139 100
140 100
141 100
142 100
143 100
144 100
145 100
146 100
147 100
148 100
149 100
150 100
151 100
152 100
102 101
103 101
104 101
105 101
106 101
107 101
108 101
109 101
110 101
111 101
112 101
113 101
114 101
115 101
116 101
117 101
118 101
119 101
120 101
121 101
122 101
123 101
124 101
125 101
126 101
127 101
128 101
129 101
130 101
131 101
132 101
133 101
134 101
135 101
136 101
137 101
138 101
139 101
140 101
141 101
142 101
143 101
144 101
145 101
146 101
147 101
148 101
149 101
150 101
151 101
152 101
153 101
101 102
102 102
103 102
104 102
105 102
106 102
107 102
108 102
109 102
110 102
111 102
112 102
113 102
114 102
115 102
116 102
117 102
118 102
119 102
120 102
121 102
122 102
123 102
124 102
125 102
126 102
127 102
128 102
129 102
130 102
131 102
132 102
133 102
134 102
135 102
136 102
137 102
138 102
139 102
140 102
141 102
142 102
143 102
144 102
145 102
146 102
147 102
148 102
149 102
150 102
151 102
152 102
153 102
154 102
100 103
101 103
102 103
103 103
104 103
105 103
106 103
107 103
108 103
109 103
110 103
111 103
112 103
113 103
114 103
115 103
116 103
117 103
118 103
119 103
120 103
136 103
137 103
138 103
139 103
140 103
141 103
142 103
143 103
144 103
145 103
146 103
147 103
148 103
149 103
150 103
151 103
152 103
153 103
154 103
155 103
100 104
101 104
102 104
103 104
104 104
105 104
106 104
107 104
108 104
109 104
110 104
111 104
112 104
113 104
114 104
115 104
116 104
138 104
139 104
140 104
141 104
142 104
143 104
144 104
145 104
146 104
147 104
148 104
149 104
150 104
151 104
152 104
153 104
154 104
155 104
156 104
99 105
100 105
101 105
102 105
103 105
104 105
105 105
106 105
107 105
108 105
109 105
110 105
111 105
112 105
113 105
114 105
141 105
142 105
143 105
144 105
145 105
146 105
147 105
148 105
149 105
150 105
151 105
152 105
153 105
154 105
155 105
156 105
98 106
99 106
100 106
101 106
102 106
103 106
104 106
105 106
106 106
107 106
108 106
109 106
110 106
111 106
112 106
143 106
144 106
145 106
146 106
147 106
148 106
149 106
150 106
151 106
152 106
153 106
154 106
155 106
156 106
157 106
98 107
99 107
100 107
101 107
102 107
103 107
104 107
105 107
106 107
107 107
108 107
109 107
110 107
111 107
144 107
145 107
146 107
147 107
148 107
149 107
150 107
151 107
152 107
153 107
154 107
155 107
156 107
157 107
97 108
98 108
99 108
100 108
101 108
102 108
103 108
104 108
105 108
106 108
107 108
108 108
109 108
146 108
147 108
148 108
149 108
150 108
151 108
152 108
153 108
154 108
155 108
156 108
157 108
158 108
96 109
97 109
98 109
99 109
100 109
101 109
102 109
103 109
104 109
105 109
106 109
107 109
108 109
147 109
148 109
149 109
150 109
151 109
152 109
153 109
154 109
155 109
156 109
157 109
158 109
96 110
97 110
98 110
99 110
100 110
101 110
102 110
103 110
104 110
105 110
106 110
107 110
148 110
149 110
150 110
151 110
152 110
153 110
154 110
155 110
156 110
157 110
158 110
159 110
96 111
97 111
98 111
99 111
100 111
101 111
102 111
103 111
104 111
105 111
106 111
107 111
148 111
149 111
150 111
151 111
152 111
153 111
154 111
155 111
156 111
157 111
158 111
159 111
160 111
95 112
96 112
97 112
98 112
99 112
100 112
101 112
102 112
103 112
104 112
105 112
106 112
149 112
150 112
151 112
152 112
153 112
154 112
155 112
156 112
157 112
158 112
159 112
160 112
95 113
96 113
97 113
98 113
99 113
100 113
101 113
102 113
103 113
104 113
105 113
150 113
151 113
152 113
153 113
154 113
155 113
156 113
157 113
158 113
159 113
160 113
94 114
95 114
96 114
97 114
98 114
99 114
100 114
101 114
102 114
103 114
104 114
105 114
150 114
151 114
152 114
153 114
154 114
155 114
156 114
157 114
158 114
159 114
160 114
161 114
94 115
95 115
96 115
97 115
98 115
99 115
100 115
101 115
102 115
103 115
104 115
151 115
152 115
153 115
154 115
155 115
156 115
157 115
158 115
159 115
160 115
161 115
94 116
95 116
96 116
97 116
98 116
99 116
100 116
101 116
102 116
103 116
104 116
151 116
152 116
153 116
154 116
155 116
156 116
157 116
158 116
159 116
160 116
161 116
93 117
94 117
95 117
96 117
97 117
98 117
99 117
100 117
101 117
102 117
103 117
104 117
152 117
153 117
154 117
155 117
156 117
157 117
158 117
159 117
160 117
161 117
162 117
93 118
94 118
95 118
96 118
97 118
98 118
99 118
100 118
101 118
102 118
103 118
152 118
153 118
154 118
155 118
156 118
157 118
158 118
159 118
160 118
161 118
162 118
93 119
94 119
95 119
96 119
97 119
98 119
99 119
100 119
101 119
102 119
103 119
152 119
153 119
154 119
155 119
156 119
157 119
158 119
159 119
160 119
161 119
162 119
93 120
94 120
95 120
96 120
97 120
98 120
99 120
100 120
101 120
102 120
152 120
153 120
154 120
155 120
156 120
157 120
158 120
159 120
160 120
161 120
162 120
93 121
94 121
95 121
96 121
97 121
98 121
99 121
100 121
101 121
102 121
153 121
154 121
155 121
156 121
157 121
158 121
159 121
160 121
161 121
162 121
163 121
92 122
93 122
94 122
95 122
96 122
97 122
98 122
99 122
100 122
101 122
102 122
153 122
154 122
155 122
156 122
157 122
158 122
159 122
160 122
161 122
162 122
163 122
92 123
93 123
94 123
95 123
96 123
97 123
98 123
99 123
100 123
101 123
102 123
153 123
154 123
155 123
156 123
157 123
158 123
159 123
160 123
161 123
162 123
163 123
92 124
93 124
94 124
95 124
96 124
97 124
98 124
99 124
100 124
101 124
102 124
153 124
154 124
155 124
156 124
157 124
158 124
159 124
160 124
161 124
162 124
163 124
92 125
93 125
94 125
95 125
96 125
97 125
98 125
99 125
100 125
101 125
102 125
153 125
154 125
155 125
156 125
157 125
158 125
159 125
160 125
161 125
162 125
163 125
92 126
93 126
94 126
95 126
96 126
97 126
98 126
99 126
100 126
101 126
102 126
153 126
154 126
155 126
156 126
157 126
158 126
159 126
160 126
161 126
162 126
163 126
92 127
93 127
94 127
95 127
96 127
97 127
98 127
99 127
100 127
101 127
102 127
153 127
154 127
155 127
156 127
157 127
158 127
159 127
160 127
161 127
162 127
163 127
92 128
93 128
94 128
95 128
96 128
97 128
98 128
99 128
100 128
101 128
102 128
153 128
154 128
155 128
156 128
157 128
158 128
159 128
160 128
161 128
162 128
163 128
92 129
93 129
94 129
95 129
96 129
97 129
98 129
99 129
100 129
101 129
102 129
153 129
154 129
155 129
156 129
157 129
158 129
159 129
160 129
161 129
162 129
163 129
92 130
93 130
94 130
95 130
96 130
97 130
98 130
99 130
100 130
101 130
102 130
153 130
154 130
155 130
156 130
157 130
158 130
159 130
160 130
161 130
162 130
163 130
92 131
93 131
94 131
95 131
96 131
97 131
98 131
99 131
100 131
101 131
102 131
153 131
154 131
155 131
156 131
157 131
158 131
159 131
160 131
161 131
162 131
163 131
92 132
93 132
94 132
95 132
96 132
97 132
98 132
99 132
100 132
101 132
102 132
153 132
154 132
155 132
156 132
157 132
158 132
159 132
160 132
161 132
162 132
163 132
92 133
93 133
94 133
95 133
96 133
97 133
98 133
99 133
100 133
101 133
102 133
153 133
154 133
155 133
156 133
157 133
158 133
159 133
160 133
161 133
162 133
163 133
92 134
93 134
94 134
95 134
96 134
97 134
98 134
99 134
100 134
101 134
102 134
153 134
154 134
155 134
156 134
157 134
158 134
159 134
160 134
161 134
162 134
93 135
94 135
95 135
96 135
97 135
98 135
99 135
100 135
101 135
102 135
152 135
153 135
154 135
155 135
156 135
157 135
158 135
159 135
160 135
161 135
162 135
93 136
94 136
95 136
96 136
97 136
98 136
99 136
100 136
101 136
102 136
103 136
152 136
153 136
154 136
155 136
156 136
157 136
158 136
159 136
160 136
161 136
162 136
93 137
94 137
95 137
96 137
97 137
98 137
99 137
100 137
101 137
102 137
103 137
152 137
153 137
154 137
155 137
156 137
157 137
158 137
159 137
160 137
161 137
162 137
93 138
94 138
95 138
96 138
97 138
98 138
99 138
100 138
101 138
102 138
103 138
104 138
152 138
153 138
154 138
155 138
156 138
157 138
158 138
159 138
160 138
161 138
162 138
94 139
95 139
96 139
97 139
98 139
99 139
100 139
101 139
102 139
103 139
104 139
151 139
152 139
153 139
154 139
155 139
156 139
157 139
158 139
159 139
160 139
161 139
94 140
95 140
96 140
97 140
98 140
99 140
100 140
101 140
102 140
103 140
104 140
151 140
152 140
153 140
154 140
155 140
156 140
157 140
158 140
159 140
160 140
161 140
94 141
95 141
96 141
97 141
98 141
99 141
100 141
101 141
102 141
103 141
104 141
105 141
150 141
151 141
152 141
153 141
154 141
155 141
156 141
157 141
158 141
159 141
160 141
161 141
95 142
96 142
97 142
98 142
99 142
100 142
101 142
102 142
103 142
104 142
105 142
150 142
151 142
152 142
153 142
154 142
155 142
156 142
157 142
158 142
159 142
160 142
95 143
96 143
97 143
98 143
99 143
100 143
101 143
102 143
103 143
104 143
105 143
106 143
149 143
150 143
151 143
152 143
153 143
154 143
155 143
156 143
157 143
158 143
159 143
160 143
95 144
96 144
97 144
98 144
99 144
100 144
101 144
102 144
103 144
104 144
105 144
106 144
107 144
148 144
149 144
150 144
151 144
152 144
153 144
154 144
155 144
156 144
157 144
158 144
159 144
160 144
96 145
97 145
98 145
99 145
100 145
101 145
102 145
103 145
104 145
105 145
106 145
107 145
148 145
149 145
150 145
151 145
152 145
153 145
154 145
155 145
156 145
157 145
158 145
159 145
97 146
98 146
99 146
100 146
101 146
102 146
103 146
104 146
105 146
106 146
107 146
108 146
147 146
148 146
149 146
150 146
151 146
152 146
153 146
154 146
155 146
156 146
157 146
158 146
159 146
97 147
98 147
99 147
100 147
101 147
102 147
103 147
104 147
105 147
106 147
107 147
108 147
109 147
146 147
147 147
148 147
149 147
150 147
151 147
152 147
153 147
154 147
155 147
156 147
157 147
158 147
97 148
98 148
99 148
100 148
101 148
102 148
103 148
104 148
105 148
106 148
107 148
108 148
109 148
110 148
111 148
144 148
145 148
146 148
147 148
148 148
149 148
150 148
151 148
152 148
153 148
154 148
155 148
156 148
157 148
158 148
98 149
99 149
100 149
101 149
102 149
103 149
104 149
105 149
106 149
107 149
108 149
109 149
110 149
111 149
112 149
143 149
144 149
145 149
146 149
147 149
148 149
149 149
150 149
151 149
152 149
153 149
154 149
155 149
156 149
157 149
99 150
100 150
101 150
102 150
103 150
104 150
105 150
106 150
107 150
108 150
109 150
110 150
111 150
112 150
113 150
114 150
141 150
142 150
143 150
144 150
145 150
146 150
147 150
148 150
149 150
150 150
151 150
152 150
153 150
154 150
155 150
156 150
99 151
100 151
101 151
102 151
103 151
104 151
105 151
106 151
107 151
108 151
109 151
110 151
111 151
112 151
113 151
114 151
115 151
116 151
138 151
139 151
140 151
141 151
142 151
143 151
144 151
145 151
146 151
147 151
148 151
149 151
150 151
151 151
152 151
153 151
154 151
155 151
100 152
101 152
102 152
103 152
104 152
105 152
106 152
107 152
108 152
109 152
110 152
111 152
112 152
113 152
114 152
115 152
116 152
117 152
118 152
119 152
120 152
136 152
137 152
138 152
139 152
140 152
141 152
142 152
143 152
144 152
145 152
146 152
147 152
148 152
149 152
150 152
151 152
152 152
153 152
154 152
155 152
101 153
102 153
103 153
104 153
105 153
106 153
107 153
108 153
109 153
110 153
111 153
112 153
113 153
114 153
115 153
116 153
117 153
118 153
119 153
120 153
121 153
122 153
123 153
124 153
125 153
126 153
127 153
128 153
129 153
130 153
131 153
132 153
133 153
134 153
135 153
136 153
137 153
138 153
139 153
140 153
141 153
142 153
143 153
144 153
145 153
146 153
147 153
148 153
149 153
150 153
151 153
152 153
153 153
154 153
102 154
103 154
104 154
105 154
106 154
107 154
108 154
109 154
110 154
111 154
112 154
113 154
114 154
115 154
116 154
117 154
118 154
119 154
120 154
121 154
122 154
123 154
124 154
125 154
126 154
127 154
128 154
129 154
130 154
131 154
132 154
133 154
134 154
135 154
136 154
137 154
138 154
139 154
140 154
141 154
142 154
143 154
144 154
145 154
146 154
147 154
148 154
149 154
150 154
151 154
152 154
153 154
103 155
104 155
105 155
106 155
107 155
108 155
109 155
110 155
111 155
112 155
113 155
114 155
115 155
116 155
117 155
118 155
119 155
120 155
121 155
122 155
123 155
124 155
125 155
126 155
127 155
128 155
129 155
130 155
131 155
132 155
133 155
134 155
135 155
136 155
137 155
138 155
139 155
140 155
141 155
142 155
143 155
144 155
145 155
146 155
147 155
148 155
149 155
150 155
151 155
152 155
105 156
106 156
107 156
108 156
109 156
110 156
111 156
112 156
113 156
114 156
115 156
116 156
117 156
118 156
119 156
120 156
121 156
122 156
123 156
124 156
125 156
126 156
127 156
128 156
129 156
130 156
131 156
132 156
133 156
134 156
135 156
136 156
137 156
138 156
139 156
140 156
141 156
142 156
143 156
144 156
145 156
146 156
147 156
148 156
149 156
150 156
106 157
107 157
108 157
109 157
110 157
111 157
112 157
113 157
114 157
115 157
116 157
117 157
118 157
119 157
120 157
121 157
122 157
123 157
124 157
125 157
126 157
127 157
128 157
129 157
130 157
131 157
132 157
133 157
134 157
135 157
136 157
137 157
138 157
139 157
140 157
141 157
142 157
143 157
144 157
145 157
146 157
147 157
148 157
149 157
108 158
109 158
110 158
111 158
112 158
113 158
114 158
115 158
116 158
117 158
118 158
119 158
120 158
121 158
122 158
123 158
124 158
125 158
126 158
127 158
128 158
129 158
130 158
131 158
132 158
133 158
134 158
135 158
136 158
137 158
138 158
139 158
140 158
141 158
142 158
143 158
144 158
145 158
146 158
147 158
148 158
109 159
110 159
111 159
112 159
113 159
114 159
115 159
116 159
117 159
118 159
119 159
120 159
121 159
122 159
123 159
124 159
125 159
126 159
127 159
128 159
129 159
130 159
131 159
132 159
133 159
134 159
135 159
136 159
137 159
138 159
139 159
140 159
141 159
142 159
143 159
144 159
145 159
112 160
113 160
114 160
115 160
116 160
117 160
118 160
119 160
120 160
121 160
122 160
123 160
124 160
125 160
126 160
127 160
128 160
129 160
130 160
131 160
132 160
133 160
134 160
135 160
136 160
137 160
138 160
139 160
140 160
141 160
142 160
143 160
144 160
114 161
115 161
116 161
117 161
118 161
119 161
120 161
121 161
122 161
123 161
124 161
125 161
126 161
127 161
128 161
129 161
130 161
131 161
132 161
133 161
134 161
135 161
136 161
137 161
138 161
139 161
140 161
141 161
117 162
118 162
119 162
120 162
121 162
122 162
123 162
124 162
125 162
126 162
127 162
128 162
129 162
130 162
131 162
132 162
133 162
134 162
135 162
136 162
137 162
138 162
122 163
123 163
124 163
125 163
126 163
127 163
128 163
129 163
130 163
131 163
132 163
133 163
134 163
