115 100
116 100
139 100
140 100
114 101
115 101
116 101
117 101
138 101
139 101
140 101
141 101
113 102
114 102
115 102
116 102
117 102
118 102
137 102
138 102
139 102
140 102
141 102
142 102
112 103
113 103
114 103
115 103
116 103
117 103
118 103
119 103
136 103
137 103
138 103
139 103
140 103
141 103
142 103
143 103
112 104
113 104
114 104
115 104
116 104
117 104
118 104
119 104
120 104
121 104
122 104
123 104
124 104
125 104
126 104
127 104
128 104
129 104
130 104
131 104
132 104
133 104
135 104
136 104
137 104
138 104
139 104
140 104
141 104
142 104
143 104
144 104
111 105
112 105
113 105
114 105
115 105
116 105
117 105
118 105
119 105
120 105
121 105
122 105
123 105
124 105
125 105
126 105
127 105
128 105
129 105
130 105
131 105
132 105
133 105
134 105
135 105
136 105
137 105
138 105
139 105
140 105
141 105
142 105
143 105
144 105
110 106
111 106
112 106
113 106
114 106
115 106
116 106
117 106
118 106
119 106
120 106
121 106
122 106
123 106
124 106
125 106
126 106
127 106
128 106
129 106
130 106
131 106
132 106
133 106
134 106
135 106
136 106
137 106
138 106
139 106
140 106
141 106
142 106
143 106
144 106
145 106
110 107
111 107
112 107
113 107
114 107
115 107
116 107
117 107
118 107
119 107
120 107
121 107
122 107
123 107
124 107
125 107
126 107
127 107
128 107
129 107
130 107
131 107
132 107
133 107
134 107
135 107
136 107
137 107
138 107
139 107
140 107
141 107
142 107
143 107
144 107
145 107
109 108
110 108
111 108
112 108
113 108
114 108
115 108
116 108
117 108
118 108
119 108
120 108
121 108
122 108
123 108
124 108
125 108
126 108
127 108
128 108
129 108
130 108
131 108
132 108
133 108
134 108
135 108
136 108
137 108
138 108
139 108
140 108
141 108
142 108
143 108
144 108
145 108
146 108
108 109
109 109
110 109
111 109
112 109
113 109
114 109
115 109
116 109
117 109
118 109
119 109
120 109
121 109
122 109
123 109
124 109
125 109
126 109
127 109
128 109
129 109
130 109
131 109
132 109
133 109
134 109
135 109
136 109
137 109
138 109
139 109
140 109
141 109
142 109
143 109
144 109
145 109
146 109
147 109
106 110
107 110
108 110
109 110
110 110
111 110
112 110
113 110
114 110
115 110
116 110
117 110
118 110
119 110
120 110
121 110
122 110
123 110
124 110
125 110
126 110
127 110
128 110
129 110
130 110
131 110
132 110
133 110
134 110
135 110
136 110
137 110
138 110
139 110
140 110
141 110
142 110
143 110
144 110
145 110
146 110
147 110
148 110
149 110
104 111
105 111
106 111
107 111
108 111
109 111
110 111
111 111
112 111
113 111
114 111
115 111
116 111
117 111
118 111
119 111
120 111
121 111
122 111
123 111
124 111
125 111
126 111
127 111
128 111
129 111
130 111
131 111
132 111
133 111
134 111
135 111
136 111
137 111
138 111
139 111
140 111
141 111
142 111
143 111
144 111
145 111
146 111
147 111
148 111
149 111
150 111
103 112
104 112
105 112
106 112
107 112
108 112
109 112
110 112
111 112
112 112
113 112
114 112
115 112
116 112
117 112
118 112
119 112
120 112
121 112
122 112
123 112
124 112
125 112
126 112
127 112
128 112
129 112
130 112
131 112
132 112
133 112
134 112
135 112
136 112
137 112
138 112
139 112
140 112
141 112
142 112
143 112
144 112
145 112
146 112
147 112
148 112
149 112
150 112
151 112
152 112
102 113
103 113
104 113
105 113
106 113
107 113
108 113
109 113
110 113
111 113
112 113
113 113
114 113
115 113
116 113
117 113
118 113
119 113
120 113
121 113
122 113
123 113
124 113
125 113
126 113
127 113
128 113
129 113
130 113
131 113
132 113
133 113
134 113
135 113
136 113
137 113
138 113
139 113
140 113
141 113
142 113
143 113
144 113
145 113
146 113
147 113
148 113
149 113
150 113
151 113
152 113
153 113
101 114
102 114
103 114
104 114
105 114
106 114
107 114
108 114
109 114
110 114
111 114
112 114
113 114
114 114
115 114
116 114
117 114
118 114
119 114
120 114
121 114
122 114
123 114
124 114
125 114
126 114
127 114
128 114
129 114
130 114
131 114
132 114
133 114
134 114
135 114
136 114
137 114
138 114
139 114
140 114
141 114
142 114
143 114
144 114
145 114
146 114
147 114
148 114
149 114
150 114
151 114
152 114
153 114
154 114
100 115
101 115
102 115
103 115
104 115
105 115
106 115
107 115
108 115
109 115
110 115
111 115
112 115
113 115
114 115
115 115
116 115
117 115
118 115
119 115
120 115
136 115
137 115
138 115
139 115
140 115
141 115
142 115
143 115
144 115
145 115
146 115
147 115
148 115
149 115
150 115
151 115
152 115
153 115
154 115
155 115
100 116
101 116
102 116
103 116
104 116
105 116
106 116
107 116
108 116
109 116
110 116
111 116
112 116
113 116
114 116
115 116
116 116
138 116
139 116
140 116
141 116
142 116
143 116
144 116
145 116
146 116
147 116
148 116
149 116
150 116
151 116
152 116
153 116
154 116
155 116
101 117
102 117
103 117
104 117
105 117
106 117
107 117
108 117
109 117
110 117
111 117
112 117
113 117
114 117
115 117
116 117
140 117
141 117
142 117
143 117
144 117
145 117
146 117
147 117
148 117
149 117
150 117
151 117
152 117
153 117
154 117
102 118
103 118
104 118
105 118
106 118
107 118
108 118
109 118
110 118
111 118
112 118
113 118
114 118
115 118
140 118
141 118
142 118
143 118
144 118
145 118
146 118
147 118
148 118
149 118
150 118
151 118
152 118
153 118
103 119
104 119
105 119
106 119
107 119
108 119
109 119
110 119
111 119
112 119
113 119
114 119
115 119
140 119
141 119
142 119
143 119
144 119
145 119
146 119
147 119
148 119
149 119
150 119
151 119
152 119
104 120
105 120
106 120
107 120
108 120
109 120
110 120
111 120
112 120
113 120
114 120
140 120
141 120
142 120
143 120
144 120
145 120
146 120
147 120
148 120
149 120
150 120
151 120
105 121
106 121
107 121
108 121
109 121
110 121
111 121
112 121
113 121
114 121
141 121
142 121
143 121
144 121
145 121
146 121
147 121
148 121
149 121
150 121
151 121
104 122
105 122
106 122
107 122
108 122
109 122
110 122
111 122
112 122
113 122
114 122
141 122
142 122
143 122
144 122
145 122
146 122
147 122
148 122
149 122
150 122
151 122
104 123
105 123
106 123
107 123
108 123
109 123
110 123
111 123
112 123
113 123
114 123
141 123
142 123
143 123
144 123
145 123
146 123
147 123
148 123
149 123
150 123
151 123
104 124
105 124
106 124
107 124
108 124
109 124
110 124
111 124
112 124
113 124
114 124
141 124
142 124
143 124
144 124
145 124
146 124
147 124
148 124
149 124
150 124
151 124
104 125
105 125
106 125
107 125
108 125
109 125
110 125
111 125
112 125
113 125
114 125
141 125
142 125
143 125
144 125
145 125
146 125
147 125
148 125
149 125
150 125
151 125
104 126
105 126
106 126
107 126
108 126
109 126
110 126
111 126
112 126
113 126
114 126
141 126
142 126
143 126
144 126
145 126
146 126
147 126
148 126
149 126
150 126
151 126
104 127
105 127
106 127
107 127
108 127
109 127
110 127
111 127
112 127
113 127
114 127
141 127
142 127
143 127
144 127
145 127
146 127
147 127
148 127
149 127
150 127
151 127
104 128
105 128
106 128
107 128
108 128
109 128
110 128
111 128
112 128
113 128
114 128
141 128
142 128
143 128
144 128
145 128
146 128
147 128
148 128
149 128
150 128
151 128
104 129
105 129
106 129
107 129
108 129
109 129
110 129
111 129
112 129
113 129
114 129
141 129
142 129
143 129
144 129
145 129
146 129
147 129
148 129
149 129
150 129
151 129
104 130
105 130
106 130
107 130
108 130
109 130
110 130
111 130
112 130
113 130
114 130
141 130
142 130
143 130
144 130
145 130
146 130
147 130
148 130
149 130
150 130
151 130
104 131
105 131
106 131
107 131
108 131
109 131
110 131
111 131
112 131
113 131
114 131
141 131
142 131
143 131
144 131
145 131
146 131
147 131
148 131
149 131
150 131
151 131
104 132
105 132
106 132
107 132
108 132
109 132
110 132
111 132
112 132
113 132
114 132
141 132
142 132
143 132
144 132
145 132
146 132
147 132
148 132
149 132
150 132
151 132
104 133
105 133
106 133
107 133
108 133
109 133
110 133
111 133
112 133
113 133
114 133
141 133
142 133
143 133
144 133
145 133
146 133
147 133
148 133
149 133
150 133
151 133
104 134
105 134
106 134
107 134
108 134
109 134
110 134
111 134
112 134
113 134
114 134
141 134
142 134
143 134
144 134
145 134
146 134
147 134
148 134
149 134
150 134
104 135
105 135
106 135
107 135
108 135
109 135
110 135
111 135
112 135
113 135
114 135
140 135
141 135
142 135
143 135
144 135
145 135
146 135
147 135
148 135
149 135
150 135
151 135
103 136
104 136
105 136
106 136
107 136
108 136
109 136
110 136
111 136
112 136
113 136
114 136
115 136
140 136
141 136
142 136
143 136
144 136
145 136
146 136
147 136
148 136
149 136
150 136
151 136
152 136
102 137
103 137
104 137
105 137
106 137
107 137
108 137
109 137
110 137
111 137
112 137
113 137
114 137
115 137
140 137
141 137
142 137
143 137
144 137
145 137
146 137
147 137
148 137
149 137
150 137
151 137
152 137
153 137
101 138
102 138
103 138
104 138
105 138
106 138
107 138
108 138
109 138
110 138
111 138
112 138
113 138
114 138
115 138
116 138
140 138
141 138
142 138
143 138
144 138
145 138
146 138
147 138
148 138
149 138
150 138
151 138
152 138
153 138
154 138
100 139
101 139
102 139
103 139
104 139
105 139
106 139
107 139
108 139
109 139
110 139
111 139
112 139
113 139
114 139
115 139
116 139
138 139
139 139
140 139
141 139
142 139
143 139
144 139
145 139
146 139
147 139
148 139
149 139
150 139
151 139
152 139
153 139
154 139
155 139
100 140
101 140
102 140
103 140
104 140
105 140
106 140
107 140
108 140
109 140
110 140
111 140
112 140
113 140
114 140
115 140
116 140
117 140
118 140
119 140
120 140
136 140
137 140
138 140
139 140
140 140
141 140
142 140
143 140
144 140
145 140
146 140
147 140
148 140
149 140
150 140
151 140
152 140
153 140
154 140
155 140
101 141
102 141
103 141
104 141
105 141
106 141
107 141
108 141
109 141
110 141
111 141
112 141
113 141
114 141
115 141
116 141
117 141
118 141
119 141
120 141
121 141
122 141
123 141
124 141
125 141
126 141
127 141
128 141
129 141
130 141
131 141
132 141
133 141
134 141
135 141
136 141
137 141
138 141
139 141
140 141
141 141
142 141
143 141
144 141
145 141
146 141
147 141
148 141
149 141
150 141
151 141
152 141
153 141
154 141
102 142
103 142
104 142
105 142
106 142
107 142
108 142
109 142
110 142
111 142
112 142
113 142
114 142
115 142
116 142
117 142
118 142
119 142
120 142
121 142
122 142
123 142
124 142
125 142
126 142
127 142
128 142
129 142
130 142
131 142
132 142
133 142
134 142
135 142
136 142
137 142
138 142
139 142
140 142
141 142
142 142
143 142
144 142
145 142
146 142
147 142
148 142
149 142
150 142
151 142
152 142
153 142
103 143
104 143
105 143
106 143
107 143
108 143
109 143
110 143
111 143
112 143
113 143
114 143
115 143
116 143
117 143
118 143
119 143
120 143
121 143
122 143
123 143
124 143
125 143
126 143
127 143
128 143
129 143
130 143
131 143
132 143
133 143
134 143
135 143
136 143
137 143
138 143
139 143
140 143
141 143
142 143
143 143
144 143
145 143
146 143
147 143
148 143
149 143
150 143
151 143
152 143
105 144
106 144
107 144
108 144
109 144
110 144
111 144
112 144
113 144
114 144
115 144
116 144
117 144
118 144
119 144
120 144
121 144
122 144
123 144
124 144
125 144
126 144
127 144
128 144
129 144
130 144
131 144
132 144
133 144
134 144
135 144
136 144
137 144
138 144
139 144
140 144
141 144
142 144
143 144
144 144
145 144
146 144
147 144
148 144
149 144
150 144
106 145
107 145
108 145
109 145
110 145
111 145
112 145
113 145
114 145
115 145
116 145
117 145
118 145
119 145
120 145
121 145
122 145
123 145
124 145
125 145
126 145
127 145
128 145
129 145
130 145
131 145
132 145
133 145
134 145
135 145
136 145
137 145
138 145
139 145
140 145
141 145
142 145
143 145
144 145
145 145
146 145
147 145
148 145
149 145
108 146
109 146
110 146
111 146
112 146
113 146
114 146
115 146
116 146
117 146
118 146
119 146
120 146
121 146
122 146
123 146
124 146
125 146
126 146
127 146
128 146
129 146
130 146
131 146
132 146
133 146
134 146
135 146
136 146
137 146
138 146
139 146
140 146
141 146
142 146
143 146
144 146
145 146
146 146
147 146
148 146
109 147
110 147
111 147
112 147
113 147
114 147
115 147
116 147
117 147
118 147
119 147
120 147
121 147
122 147
123 147
124 147
125 147
126 147
127 147
128 147
129 147
130 147
131 147
132 147
133 147
134 147
135 147
136 147
137 147
138 147
139 147
140 147
141 147
142 147
143 147
144 147
145 147
146 147
109 148
110 148
111 148
112 148
113 148
114 148
115 148
116 148
117 148
118 148
119 148
120 148
121 148
122 148
123 148
124 148
125 148
126 148
127 148
128 148
129 148
130 148
131 148
132 148
133 148
134 148
135 148
136 148
137 148
138 148
139 148
140 148
141 148
142 148
143 148
144 148
145 148
146 148
110 149
111 149
112 149
113 149
114 149
115 149
116 149
117 149
118 149
119 149
120 149
121 149
122 149
123 149
124 149
125 149
126 149
127 149
128 149
129 149
130 149
131 149
132 149
133 149
134 149
135 149
136 149
137 149
138 149
139 149
140 149
141 149
142 149
143 149
144 149
145 149
111 150
112 150
113 150
114 150
115 150
116 150
117 150
118 150
119 150
120 150
121 150
122 150
123 150
124 150
125 150
126 150
127 150
128 150
129 150
130 150
131 150
132 150
133 150
134 150
135 150
136 150
137 150
138 150
139 150
140 150
141 150
142 150
143 150
144 150
111 151
112 151
113 151
114 151
115 151
116 151
117 151
118 151
119 151
120 151
122 151
123 151
124 151
125 151
126 151
127 151
128 151
129 151
130 151
131 151
132 151
133 151
134 151
135 151
136 151
137 151
138 151
139 151
140 151
141 151
142 151
143 151
112 152
113 152
114 152
115 152
116 152
117 152
118 152
119 152
136 152
137 152
138 152
139 152
140 152
141 152
142 152
143 152
113 153
114 153
115 153
116 153
117 153
118 153
137 153
138 153
139 153
140 153
141 153
142 153
114 154
115 154
116 154
117 154
138 154
139 154
140 154
141 154
115 155
116 155
139 155
140 155
