106 71
107 71
148 71
149 71
144 74
116 75
120 76
136 76
123 79
132 79
122 81
124 81
121 83
133 83
110 84
145 84
134 85
119 86
135 87
113 88
118 88
131 88
142 88
117 90
137 90
115 91
130 91
140 91
125 92
127 93
139 93
127 95
66 101
67 101
68 101
69 101
186 101
187 101
188 101
189 101
66 103
67 103
188 103
189 103
65 104
69 104
70 104
185 104
186 104
67 105
68 105
188 105
189 105
65 106
67 106
68 106
70 106
71 106
185 106
186 106
187 106
188 106
190 106
65 107
67 107
68 107
70 107
71 107
74 107
128 107
183 107
184 107
185 107
187 107
188 107
190 107
67 108
68 108
71 108
73 108
74 108
75 108
180 108
181 108
182 108
184 108
187 108
188 108
69 109
70 109
185 109
186 109
187 109
67 110
69 110
72 110
73 110
182 110
183 110
186 110
188 110
69 111
70 111
73 111
75 111
76 111
77 111
78 111
177 111
178 111
179 111
180 111
182 111
185 111
186 111
70 112
71 112
72 112
73 112
182 112
183 112
184 112
185 112
69 113
70 113
73 113
81 113
173 113
182 113
185 113
186 113
70 114
71 114
72 114
73 114
75 114
78 114
176 114
178 114
179 114
180 114
182 114
183 114
184 114
70 115
73 115
76 115
178 115
184 115
185 115
186 115
70 116
73 116
74 116
76 116
178 116
180 116
182 116
183 116
185 116
70 117
72 117
73 117
76 117
78 117
84 117
176 117
180 117
184 117
185 117
186 117
70 118
72 118
73 118
79 118
175 118
177 118
178 118
183 118
184 118
70 119
72 119
76 119
77 119
78 119
82 119
84 119
172 119
178 119
179 119
180 119
182 119
185 119
70 120
72 120
73 120
79 120
80 120
83 120
175 120
177 120
182 120
183 120
184 120
70 121
71 121
75 121
76 121
77 121
179 121
180 121
181 121
185 121
70 122
71 122
74 122
75 122
78 122
79 122
80 122
84 122
170 122
173 122
174 122
176 122
177 122
178 122
179 122
182 122
183 122
184 122
71 123
72 123
73 123
74 123
76 123
77 123
83 123
175 123
179 123
180 123
181 123
182 123
184 123
70 124
71 124
73 124
74 124
76 124
79 124
174 124
175 124
178 124
179 124
182 124
184 124
71 125
77 125
79 125
80 125
86 125
164 125
179 125
180 125
181 125
184 125
71 126
74 126
75 126
77 126
94 126
162 126
171 126
175 126
177 126
181 126
184 126
38 127
39 127
40 127
41 127
42 127
43 127
44 127
45 127
46 127
47 127
48 127
49 127
50 127
51 127
52 127
53 127
55 127
57 127
59 127
61 127
63 127
65 127
66 127
68 127
70 127
72 127
73 127
75 127
77 127
78 127
88 127
92 127
102 127
106 127
109 127
150 127
153 127
154 127
158 127
163 127
168 127
169 127
175 127
177 127
178 127
180 127
182 127
183 127
185 127
187 127
189 127
190 127
192 127
194 127
196 127
198 127
200 127
202 127
203 127
204 127
205 127
206 127
207 127
208 127
209 127
210 127
211 127
212 127
213 127
214 127
215 127
216 127
217 127
38 128
39 128
40 128
41 128
42 128
43 128
44 128
45 128
46 128
47 128
48 128
49 128
50 128
51 128
52 128
53 128
55 128
57 128
59 128
61 128
63 128
65 128
66 128
68 128
70 128
72 128
73 128
75 128
77 128
78 128
88 128
92 128
95 128
96 128
99 128
102 128
108 128
109 128
148 128
152 128
158 128
159 128
162 128
163 128
168 128
169 128
175 128
177 128
178 128
180 128
182 128
183 128
185 128
187 128
189 128
190 128
192 128
194 128
196 128
198 128
200 128
202 128
203 128
204 128
205 128
206 128
207 128
208 128
209 128
210 128
211 128
212 128
213 128
214 128
215 128
216 128
217 128
71 129
74 129
75 129
77 129
94 129
96 129
158 129
162 129
171 129
175 129
177 129
181 129
184 129
71 130
77 130
79 130
80 130
179 130
180 130
181 130
184 130
70 131
71 131
73 131
74 131
76 131
79 131
87 131
163 131
174 131
175 131
178 131
179 131
182 131
184 131
71 132
72 132
73 132
74 132
76 132
77 132
83 132
175 132
179 132
180 132
181 132
182 132
184 132
70 133
71 133
74 133
75 133
78 133
79 133
80 133
84 133
170 133
173 133
174 133
176 133
177 133
178 133
179 133
182 133
183 133
184 133
71 134
75 134
76 134
77 134
179 134
180 134
181 134
185 134
70 135
72 135
73 135
79 135
80 135
83 135
175 135
177 135
182 135
183 135
184 135
70 136
72 136
76 136
77 136
78 136
82 136
84 136
172 136
178 136
179 136
180 136
182 136
185 136
70 137
72 137
73 137
79 137
175 137
177 137
178 137
183 137
184 137
70 138
72 138
73 138
76 138
78 138
84 138
176 138
180 138
184 138
185 138
186 138
70 139
73 139
74 139
76 139
178 139
180 139
182 139
183 139
185 139
70 140
73 140
76 140
178 140
184 140
185 140
186 140
70 141
71 141
72 141
73 141
75 141
78 141
176 141
178 141
179 141
180 141
182 141
183 141
184 141
69 142
70 142
73 142
182 142
185 142
186 142
70 143
71 143
72 143
73 143
182 143
183 143
184 143
185 143
69 144
70 144
73 144
75 144
76 144
77 144
178 144
179 144
180 144
182 144
185 144
186 144
67 145
69 145
72 145
73 145
78 145
79 145
176 145
177 145
182 145
183 145
186 145
188 145
68 146
69 146
70 146
75 146
76 146
179 146
180 146
185 146
186 146
67 147
68 147
71 147
72 147
73 147
74 147
75 147
180 147
181 147
182 147
183 147
184 147
187 147
188 147
67 148
68 148
70 148
71 148
72 148
181 148
184 148
185 148
187 148
188 148
65 149
67 149
68 149
69 149
70 149
184 149
185 149
187 149
188 149
190 149
66 150
67 150
187 150
188 150
69 151
70 151
185 151
186 151
190 151
66 152
67 152
188 152
189 152
131 153
66 154
67 154
68 154
69 154
186 154
187 154
188 154
189 154
127 158
126 160
130 160
127 162
139 162
125 163
115 164
140 164
117 165
137 165
113 167
118 167
131 167
142 167
135 168
119 169
134 170
110 171
145 171
121 172
133 172
122 174
124 174
123 176
132 176
120 179
136 179
116 180
111 181
106 184
107 184
149 184
127 188
