136 0
122 1
124 1
121 3
133 3
110 4
145 4
134 5
119 6
135 7
113 8
118 8
131 8
142 8
117 10
137 10
115 11
130 11
140 11
125 12
127 13
139 13
127 15
128 27
0 102
255 102
5 104
8 104
12 104
255 104
0 105
7 106
10 106
12 106
243 106
245 106
248 106
255 106
3 107
7 107
10 107
245 107
248 107
250 107
0 108
6 108
249 108
255 108
246 109
0 110
10 110
245 110
255 110
0 111
2 111
4 111
251 111
253 111
255 111
0 113
1 113
6 113
251 113
0 114
2 114
251 114
255 114
3 115
247 115
253 115
1 116
3 116
5 116
6 116
250 116
251 116
253 116
255 116
1 117
4 117
5 117
7 117
247 117
251 117
255 117
0 118
2 118
5 118
251 118
253 118
255 118
0 119
1 119
2 119
3 119
4 119
7 119
255 119
0 120
3 120
251 120
255 120
0 121
2 121
248 121
252 121
0 122
4 122
250 122
254 122
255 122
0 123
3 123
252 123
253 123
254 123
0 124
1 124
251 124
252 124
253 124
255 124
0 125
2 125
6 125
244 125
255 125
2 126
6 126
14 126
242 126
251 126
252 126
254 126
255 126
1 127
4 127
10 127
12 127
14 127
22 127
26 127
29 127
230 127
233 127
234 127
238 127
241 127
243 127
245 127
247 127
248 127
249 127
251 127
254 127
1 128
4 128
10 128
12 128
14 128
15 128
16 128
19 128
22 128
28 128
29 128
228 128
232 128
238 128
239 128
241 128
242 128
243 128
245 128
247 128
248 128
249 128
251 128
254 128
2 129
6 129
14 129
16 129
238 129
242 129
251 129
252 129
254 129
255 129
0 130
2 130
6 130
255 130
0 131
1 131
7 131
243 131
251 131
252 131
253 131
255 131
0 132
3 132
252 132
253 132
254 132
0 133
4 133
250 133
254 133
255 133
0 134
1 134
2 134
4 134
248 134
252 134
3 135
251 135
255 135
0 136
1 136
2 136
3 136
4 136
7 136
255 136
2 137
5 137
251 137
253 137
255 137
1 138
4 138
5 138
7 138
247 138
251 138
255 138
1 139
3 139
5 139
6 139
250 139
251 139
253 139
255 139
3 140
247 140
253 140
0 141
2 141
251 141
255 141
0 142
6 142
249 142
0 144
4 144
251 144
0 145
8 145
247 145
255 145
7 146
0 147
4 147
251 147
255 147
0 148
7 148
250 148
0 149
7 149
10 149
12 149
243 149
245 149
248 149
0 151
243 151
247 151
250 151
0 153
255 153
131 233
127 238
126 240
130 240
127 242
139 242
125 243
115 244
140 244
117 245
137 245
113 247
118 247
131 247
142 247
135 248
119 249
134 250
110 251
145 251
121 252
133 252
122 254
124 254
132 255
140 255
