106 51
107 51
148 51
149 51
144 54
116 55
120 56
136 56
123 59
132 59
122 61
124 61
121 63
133 63
110 64
145 64
134 65
119 66
135 67
113 68
118 68
131 68
142 68
117 70
137 70
115 71
130 71
140 71
125 72
127 73
139 73
127 75
128 87
46 101
47 101
48 101
49 101
206 101
207 101
208 101
209 101
46 103
47 103
208 103
209 103
45 104
49 104
50 104
205 104
206 104
47 105
48 105
208 105
209 105
45 106
47 106
48 106
50 106
51 106
205 106
206 106
207 106
208 106
210 106
45 107
47 107
48 107
50 107
51 107
54 107
203 107
204 107
205 107
207 107
208 107
210 107
47 108
48 108
51 108
53 108
54 108
55 108
200 108
201 108
202 108
204 108
207 108
208 108
49 109
50 109
205 109
206 109
207 109
47 110
49 110
52 110
53 110
202 110
203 110
206 110
208 110
49 111
50 111
53 111
55 111
56 111
57 111
58 111
197 111
198 111
199 111
200 111
202 111
205 111
206 111
50 112
51 112
52 112
53 112
202 112
203 112
204 112
205 112
49 113
50 113
53 113
61 113
193 113
202 113
205 113
206 113
50 114
51 114
52 114
53 114
55 114
58 114
196 114
198 114
199 114
200 114
202 114
203 114
204 114
50 115
53 115
56 115
198 115
204 115
205 115
206 115
50 116
53 116
54 116
56 116
198 116
200 116
202 116
203 116
205 116
50 117
52 117
53 117
56 117
58 117
64 117
196 117
200 117
204 117
205 117
206 117
50 118
52 118
53 118
59 118
195 118
197 118
198 118
203 118
204 118
50 119
52 119
56 119
57 119
58 119
62 119
64 119
192 119
198 119
199 119
200 119
202 119
205 119
50 120
52 120
53 120
59 120
60 120
63 120
195 120
197 120
202 120
203 120
204 120
50 121
51 121
55 121
56 121
57 121
199 121
200 121
201 121
205 121
50 122
51 122
54 122
55 122
58 122
59 122
60 122
64 122
190 122
193 122
194 122
196 122
197 122
198 122
199 122
202 122
203 122
204 122
51 123
52 123
53 123
54 123
56 123
57 123
63 123
195 123
199 123
200 123
201 123
202 123
204 123
50 124
51 124
53 124
54 124
56 124
59 124
194 124
195 124
198 124
199 124
202 124
204 124
51 125
57 125
59 125
60 125
66 125
184 125
199 125
200 125
201 125
204 125
51 126
54 126
55 126
57 126
74 126
182 126
191 126
195 126
197 126
201 126
204 126
18 127
19 127
20 127
21 127
22 127
23 127
24 127
25 127
26 127
27 127
28 127
29 127
30 127
31 127
32 127
33 127
35 127
37 127
39 127
41 127
43 127
45 127
46 127
48 127
50 127
52 127
53 127
55 127
57 127
58 127
68 127
72 127
82 127
86 127
89 127
170 127
173 127
174 127
178 127
183 127
188 127
189 127
195 127
197 127
198 127
200 127
202 127
203 127
205 127
207 127
209 127
210 127
212 127
214 127
216 127
218 127
220 127
222 127
223 127
224 127
225 127
226 127
227 127
228 127
229 127
230 127
231 127
232 127
233 127
234 127
235 127
236 127
237 127
18 128
19 128
20 128
21 128
22 128
23 128
24 128
25 128
26 128
27 128
28 128
29 128
30 128
31 128
32 128
33 128
35 128
37 128
39 128
41 128
43 128
45 128
46 128
48 128
50 128
52 128
53 128
55 128
57 128
58 128
68 128
72 128
75 128
76 128
79 128
82 128
88 128
89 128
168 128
172 128
178 128
179 128
182 128
183 128
188 128
189 128
195 128
197 128
198 128
200 128
202 128
203 128
205 128
207 128
209 128
210 128
212 128
214 128
216 128
218 128
220 128
222 128
223 128
224 128
225 128
226 128
227 128
228 128
229 128
230 128
231 128
232 128
233 128
234 128
235 128
236 128
237 128
51 129
54 129
55 129
57 129
74 129
76 129
178 129
182 129
191 129
195 129
197 129
201 129
204 129
51 130
57 130
59 130
60 130
199 130
200 130
201 130
204 130
50 131
51 131
53 131
54 131
56 131
59 131
67 131
183 131
194 131
195 131
198 131
199 131
202 131
204 131
51 132
52 132
53 132
54 132
56 132
57 132
63 132
195 132
199 132
200 132
201 132
202 132
204 132
50 133
51 133
54 133
55 133
58 133
59 133
60 133
64 133
190 133
193 133
194 133
196 133
197 133
198 133
199 133
202 133
203 133
204 133
51 134
55 134
56 134
57 134
199 134
200 134
201 134
205 134
50 135
52 135
53 135
59 135
60 135
63 135
195 135
197 135
202 135
203 135
204 135
50 136
52 136
56 136
57 136
58 136
62 136
64 136
192 136
198 136
199 136
200 136
202 136
205 136
50 137
52 137
53 137
59 137
195 137
197 137
198 137
203 137
204 137
50 138
52 138
53 138
56 138
58 138
64 138
196 138
200 138
204 138
205 138
206 138
50 139
53 139
54 139
56 139
198 139
200 139
202 139
203 139
205 139
50 140
53 140
56 140
198 140
204 140
205 140
206 140
50 141
51 141
52 141
53 141
55 141
58 141
196 141
198 141
199 141
200 141
202 141
203 141
204 141
49 142
50 142
53 142
202 142
205 142
206 142
50 143
51 143
52 143
53 143
202 143
203 143
204 143
205 143
49 144
50 144
53 144
55 144
56 144
57 144
198 144
199 144
200 144
202 144
205 144
206 144
47 145
49 145
52 145
53 145
58 145
59 145
196 145
197 145
202 145
203 145
206 145
208 145
48 146
49 146
50 146
55 146
56 146
199 146
200 146
205 146
206 146
47 147
48 147
51 147
52 147
53 147
54 147
55 147
200 147
201 147
202 147
203 147
204 147
207 147
208 147
47 148
48 148
50 148
51 148
52 148
201 148
204 148
205 148
207 148
208 148
45 149
47 149
48 149
49 149
50 149
204 149
205 149
207 149
208 149
210 149
46 150
47 150
207 150
208 150
49 151
50 151
205 151
206 151
210 151
46 152
47 152
208 152
209 152
46 154
47 154
48 154
49 154
206 154
207 154
208 154
209 154
131 173
127 178
126 180
130 180
127 182
139 182
125 183
115 184
140 184
117 185
137 185
113 187
118 187
131 187
142 187
135 188
119 189
134 190
110 191
145 191
121 192
133 192
122 194
124 194
123 196
132 196
120 199
136 199
116 200
111 201
106 204
107 204
149 204
127 208
