106 11
107 11
148 11
149 11
144 14
116 15
120 16
136 16
123 19
132 19
122 21
124 21
121 23
133 23
110 24
145 24
134 25
119 26
135 27
113 28
118 28
131 28
142 28
117 30
137 30
115 31
130 31
140 31
125 32
127 33
139 33
127 35
128 47
6 101
7 101
8 101
9 101
246 101
247 101
248 101
249 101
6 103
7 103
248 103
249 103
5 104
9 104
10 104
245 104
246 104
7 105
8 105
248 105
249 105
5 106
7 106
8 106
10 106
11 106
245 106
246 106
247 106
248 106
250 106
5 107
7 107
8 107
10 107
11 107
14 107
243 107
244 107
245 107
247 107
248 107
250 107
7 108
8 108
11 108
13 108
14 108
15 108
240 108
241 108
242 108
244 108
247 108
248 108
9 109
10 109
245 109
246 109
247 109
7 110
9 110
12 110
13 110
242 110
243 110
246 110
248 110
9 111
10 111
13 111
15 111
16 111
17 111
18 111
237 111
238 111
239 111
240 111
242 111
245 111
246 111
10 112
11 112
12 112
13 112
242 112
243 112
244 112
245 112
9 113
10 113
13 113
21 113
233 113
242 113
245 113
246 113
10 114
11 114
12 114
13 114
15 114
18 114
236 114
238 114
239 114
240 114
242 114
243 114
244 114
10 115
13 115
16 115
238 115
244 115
245 115
246 115
10 116
13 116
14 116
16 116
238 116
240 116
242 116
243 116
245 116
10 117
12 117
13 117
16 117
18 117
24 117
236 117
240 117
244 117
245 117
246 117
10 118
12 118
13 118
19 118
235 118
237 118
238 118
243 118
244 118
10 119
12 119
16 119
17 119
18 119
22 119
24 119
232 119
238 119
239 119
240 119
242 119
245 119
10 120
12 120
13 120
19 120
20 120
23 120
235 120
237 120
242 120
243 120
244 120
10 121
11 121
15 121
16 121
17 121
239 121
240 121
241 121
245 121
10 122
11 122
14 122
15 122
18 122
19 122
20 122
24 122
230 122
233 122
234 122
236 122
237 122
238 122
239 122
242 122
243 122
244 122
11 123
12 123
13 123
14 123
16 123
17 123
23 123
235 123
239 123
240 123
241 123
242 123
244 123
10 124
11 124
13 124
14 124
16 124
19 124
234 124
235 124
238 124
239 124
242 124
244 124
11 125
17 125
19 125
20 125
26 125
224 125
239 125
240 125
241 125
244 125
11 126
14 126
15 126
17 126
34 126
222 126
231 126
235 126
237 126
241 126
244 126
0 127
1 127
2 127
3 127
4 127
5 127
6 127
8 127
10 127
12 127
13 127
15 127
17 127
18 127
28 127
32 127
42 127
46 127
49 127
210 127
213 127
214 127
218 127
223 127
228 127
229 127
235 127
237 127
238 127
240 127
242 127
243 127
245 127
247 127
249 127
250 127
251 127
252 127
253 127
254 127
255 127
0 128
1 128
2 128
3 128
4 128
5 128
6 128
8 128
10 128
12 128
13 128
15 128
17 128
18 128
28 128
32 128
35 128
36 128
39 128
42 128
48 128
49 128
208 128
212 128
218 128
219 128
222 128
223 128
228 128
229 128
235 128
237 128
238 128
240 128
242 128
243 128
245 128
247 128
249 128
250 128
251 128
252 128
253 128
254 128
255 128
11 129
14 129
15 129
17 129
34 129
36 129
218 129
222 129
231 129
235 129
237 129
241 129
244 129
11 130
17 130
19 130
20 130
239 130
240 130
241 130
244 130
10 131
11 131
13 131
14 131
16 131
19 131
27 131
223 131
234 131
235 131
238 131
239 131
242 131
244 131
11 132
12 132
13 132
14 132
16 132
17 132
23 132
235 132
239 132
240 132
241 132
242 132
244 132
10 133
11 133
14 133
15 133
18 133
19 133
20 133
24 133
230 133
233 133
234 133
236 133
237 133
238 133
239 133
242 133
243 133
244 133
11 134
15 134
16 134
17 134
239 134
240 134
241 134
245 134
10 135
12 135
13 135
19 135
20 135
23 135
235 135
237 135
242 135
243 135
244 135
10 136
12 136
16 136
17 136
18 136
22 136
24 136
232 136
238 136
239 136
240 136
242 136
245 136
10 137
12 137
13 137
19 137
235 137
237 137
238 137
243 137
244 137
10 138
12 138
13 138
16 138
18 138
24 138
236 138
240 138
244 138
245 138
246 138
10 139
13 139
14 139
16 139
238 139
240 139
242 139
243 139
245 139
10 140
13 140
16 140
238 140
244 140
245 140
246 140
10 141
11 141
12 141
13 141
15 141
18 141
236 141
238 141
239 141
240 141
242 141
243 141
244 141
9 142
10 142
13 142
242 142
245 142
246 142
10 143
11 143
12 143
13 143
242 143
243 143
244 143
245 143
9 144
10 144
13 144
15 144
16 144
17 144
238 144
239 144
240 144
242 144
245 144
246 144
7 145
9 145
12 145
13 145
18 145
19 145
236 145
237 145
242 145
243 145
246 145
248 145
8 146
9 146
10 146
15 146
16 146
239 146
240 146
245 146
246 146
7 147
8 147
11 147
12 147
13 147
14 147
15 147
240 147
241 147
242 147
243 147
244 147
247 147
248 147
7 148
8 148
10 148
11 148
12 148
241 148
244 148
245 148
247 148
248 148
5 149
7 149
8 149
9 149
10 149
244 149
245 149
247 149
248 149
250 149
6 150
7 150
247 150
248 150
9 151
10 151
245 151
246 151
250 151
6 152
7 152
248 152
249 152
6 154
7 154
8 154
9 154
246 154
247 154
248 154
249 154
131 213
127 218
126 220
130 220
127 222
139 222
125 223
115 224
140 224
117 225
137 225
113 227
118 227
131 227
142 227
135 228
119 229
134 230
110 231
145 231
121 232
133 232
122 234
124 234
123 236
132 236
120 239
136 239
116 240
111 241
106 244
107 244
149 244
127 248
