106 21
107 21
148 21
149 21
144 24
116 25
120 26
136 26
123 29
132 29
122 31
124 31
121 33
133 33
110 34
145 34
134 35
119 36
135 37
113 38
118 38
131 38
142 38
117 40
137 40
115 41
130 41
140 41
125 42
127 43
139 43
127 45
128 57
16 101
17 101
18 101
19 101
236 101
237 101
238 101
239 101
16 103
17 103
238 103
239 103
15 104
19 104
20 104
235 104
236 104
17 105
18 105
238 105
239 105
15 106
17 106
18 106
20 106
21 106
235 106
236 106
237 106
238 106
240 106
15 107
17 107
18 107
20 107
21 107
24 107
233 107
234 107
235 107
237 107
238 107
240 107
17 108
18 108
21 108
23 108
24 108
25 108
230 108
231 108
232 108
234 108
237 108
238 108
19 109
20 109
235 109
236 109
237 109
17 110
19 110
22 110
23 110
232 110
233 110
236 110
238 110
19 111
20 111
23 111
25 111
26 111
27 111
28 111
227 111
228 111
229 111
230 111
232 111
235 111
236 111
20 112
21 112
22 112
23 112
232 112
233 112
234 112
235 112
19 113
20 113
23 113
31 113
223 113
232 113
235 113
236 113
20 114
21 114
22 114
23 114
25 114
28 114
226 114
228 114
229 114
230 114
232 114
233 114
234 114
20 115
23 115
26 115
228 115
234 115
235 115
236 115
20 116
23 116
24 116
26 116
228 116
230 116
232 116
233 116
235 116
20 117
22 117
23 117
26 117
28 117
34 117
226 117
230 117
234 117
235 117
236 117
20 118
22 118
23 118
29 118
225 118
227 118
228 118
233 118
234 118
20 119
22 119
26 119
27 119
28 119
32 119
34 119
222 119
228 119
229 119
230 119
232 119
235 119
20 120
22 120
23 120
29 120
30 120
33 120
225 120
227 120
232 120
233 120
234 120
20 121
21 121
25 121
26 121
27 121
229 121
230 121
231 121
235 121
20 122
21 122
24 122
25 122
28 122
29 122
30 122
34 122
220 122
223 122
224 122
226 122
227 122
228 122
229 122
232 122
233 122
234 122
21 123
22 123
23 123
24 123
26 123
27 123
33 123
225 123
229 123
230 123
231 123
232 123
234 123
20 124
21 124
23 124
24 124
26 124
29 124
224 124
225 124
228 124
229 124
232 124
234 124
21 125
27 125
29 125
30 125
36 125
214 125
229 125
230 125
231 125
234 125
0 126
21 126
24 126
25 126
27 126
44 126
212 126
221 126
225 126
227 126
231 126
234 126
255 126
0 127
1 127
2 127
3 127
5 127
7 127
9 127
11 127
13 127
15 127
16 127
18 127
20 127
22 127
23 127
25 127
27 127
28 127
38 127
42 127
52 127
56 127
59 127
200 127
203 127
204 127
208 127
213 127
218 127
219 127
225 127
227 127
228 127
230 127
232 127
233 127
235 127
237 127
239 127
240 127
242 127
244 127
246 127
248 127
250 127
252 127
253 127
254 127
255 127
0 128
1 128
2 128
3 128
5 128
7 128
9 128
11 128
13 128
15 128
16 128
18 128
20 128
22 128
23 128
25 128
27 128
28 128
38 128
42 128
45 128
46 128
49 128
52 128
58 128
59 128
198 128
202 128
208 128
209 128
212 128
213 128
218 128
219 128
225 128
227 128
228 128
230 128
232 128
233 128
235 128
237 128
239 128
240 128
242 128
244 128
246 128
248 128
250 128
252 128
253 128
254 128
255 128
0 129
21 129
24 129
25 129
27 129
44 129
46 129
208 129
212 129
221 129
225 129
227 129
231 129
234 129
255 129
21 130
27 130
29 130
30 130
229 130
230 130
231 130
234 130
20 131
21 131
23 131
24 131
26 131
29 131
37 131
213 131
224 131
225 131
228 131
229 131
232 131
234 131
21 132
22 132
23 132
24 132
26 132
27 132
33 132
225 132
229 132
230 132
231 132
232 132
234 132
20 133
21 133
24 133
25 133
28 133
29 133
30 133
34 133
220 133
223 133
224 133
226 133
227 133
228 133
229 133
232 133
233 133
234 133
21 134
25 134
26 134
27 134
229 134
230 134
231 134
235 134
20 135
22 135
23 135
29 135
30 135
33 135
225 135
227 135
232 135
233 135
234 135
20 136
22 136
26 136
27 136
28 136
32 136
34 136
222 136
228 136
229 136
230 136
232 136
235 136
20 137
22 137
23 137
29 137
225 137
227 137
228 137
233 137
234 137
20 138
22 138
23 138
26 138
28 138
34 138
226 138
230 138
234 138
235 138
236 138
20 139
23 139
24 139
26 139
228 139
230 139
232 139
233 139
235 139
20 140
23 140
26 140
228 140
234 140
235 140
236 140
20 141
21 141
22 141
23 141
25 141
28 141
226 141
228 141
229 141
230 141
232 141
233 141
234 141
19 142
20 142
23 142
232 142
235 142
236 142
20 143
21 143
22 143
23 143
232 143
233 143
234 143
235 143
19 144
20 144
23 144
25 144
26 144
27 144
228 144
229 144
230 144
232 144
235 144
236 144
17 145
19 145
22 145
23 145
28 145
29 145
226 145
227 145
232 145
233 145
236 145
238 145
18 146
19 146
20 146
25 146
26 146
229 146
230 146
235 146
236 146
17 147
18 147
21 147
22 147
23 147
24 147
25 147
230 147
231 147
232 147
233 147
234 147
237 147
238 147
17 148
18 148
20 148
21 148
22 148
231 148
234 148
235 148
237 148
238 148
15 149
17 149
18 149
19 149
20 149
234 149
235 149
237 149
238 149
240 149
16 150
17 150
237 150
238 150
19 151
20 151
235 151
236 151
240 151
16 152
17 152
238 152
239 152
16 154
17 154
18 154
19 154
236 154
237 154
238 154
239 154
131 203
127 208
126 210
130 210
127 212
139 212
125 213
115 214
140 214
117 215
137 215
113 217
118 217
131 217
142 217
135 218
119 219
134 220
110 221
145 221
121 222
133 222
122 224
124 224
123 226
132 226
120 229
136 229
116 230
111 231
106 234
107 234
149 234
127 238
