106 91
107 91
148 91
149 91
144 94
116 95
120 96
136 96
123 99
132 99
86 101
87 101
88 101
89 101
122 101
124 101
166 101
167 101
168 101
169 101
86 103
87 103
121 103
133 103
168 103
169 103
85 104
89 104
90 104
110 104
145 104
165 104
166 104
87 105
88 105
134 105
168 105
169 105
85 106
87 106
88 106
90 106
91 106
119 106
165 106
166 106
167 106
168 106
170 106
85 107
87 107
88 107
90 107
91 107
94 107
135 107
163 107
164 107
165 107
167 107
168 107
170 107
87 108
88 108
91 108
93 108
94 108
95 108
113 108
118 108
131 108
142 108
160 108
161 108
162 108
164 108
167 108
168 108
89 109
90 109
165 109
166 109
167 109
87 110
89 110
92 110
93 110
117 110
137 110
162 110
163 110
166 110
168 110
89 111
90 111
93 111
95 111
96 111
97 111
98 111
115 111
130 111
140 111
157 111
158 111
159 111
160 111
162 111
165 111
166 111
90 112
91 112
92 112
93 112
125 112
162 112
163 112
164 112
165 112
89 113
90 113
93 113
101 113
127 113
139 113
153 113
162 113
165 113
166 113
90 114
91 114
92 114
93 114
95 114
98 114
156 114
158 114
159 114
160 114
162 114
163 114
164 114
90 115
93 115
96 115
127 115
158 115
164 115
165 115
166 115
90 116
93 116
94 116
96 116
158 116
160 116
162 116
163 116
165 116
90 117
92 117
93 117
96 117
98 117
104 117
156 117
160 117
164 117
165 117
166 117
90 118
92 118
93 118
99 118
155 118
157 118
158 118
163 118
164 118
90 119
92 119
96 119
97 119
98 119
102 119
104 119
152 119
158 119
159 119
160 119
162 119
165 119
90 120
92 120
93 120
99 120
100 120
103 120
155 120
157 120
162 120
163 120
164 120
90 121
91 121
95 121
96 121
97 121
159 121
160 121
161 121
165 121
90 122
91 122
94 122
95 122
98 122
99 122
100 122
104 122
150 122
153 122
154 122
156 122
157 122
158 122
159 122
162 122
163 122
164 122
91 123
92 123
93 123
94 123
96 123
97 123
103 123
155 123
159 123
160 123
161 123
162 123
164 123
90 124
91 124
93 124
94 124
96 124
99 124
154 124
155 124
158 124
159 124
162 124
164 124
91 125
97 125
99 125
100 125
106 125
144 125
159 125
160 125
161 125
164 125
91 126
94 126
95 126
97 126
114 126
142 126
151 126
155 126
157 126
161 126
164 126
58 127
59 127
60 127
61 127
62 127
63 127
64 127
65 127
66 127
67 127
68 127
69 127
70 127
71 127
72 127
73 127
75 127
77 127
79 127
81 127
83 127
85 127
86 127
88 127
90 127
92 127
93 127
95 127
97 127
98 127
108 127
112 127
122 127
126 127
128 127
129 127
130 127
133 127
134 127
138 127
143 127
148 127
149 127
155 127
157 127
158 127
160 127
162 127
163 127
165 127
167 127
169 127
170 127
172 127
174 127
176 127
178 127
180 127
182 127
183 127
184 127
185 127
186 127
187 127
188 127
189 127
190 127
191 127
192 127
193 127
194 127
195 127
196 127
197 127
58 128
59 128
60 128
61 128
62 128
63 128
64 128
65 128
66 128
67 128
68 128
69 128
70 128
71 128
72 128
73 128
75 128
77 128
79 128
81 128
83 128
85 128
86 128
88 128
90 128
92 128
93 128
95 128
97 128
98 128
108 128
112 128
115 128
116 128
119 128
122 128
128 128
129 128
132 128
138 128
139 128
142 128
143 128
148 128
149 128
155 128
157 128
158 128
160 128
162 128
163 128
165 128
167 128
169 128
170 128
172 128
174 128
176 128
178 128
180 128
182 128
183 128
184 128
185 128
186 128
187 128
188 128
189 128
190 128
191 128
192 128
193 128
194 128
195 128
196 128
197 128
91 129
94 129
95 129
97 129
114 129
116 129
138 129
142 129
151 129
155 129
157 129
161 129
164 129
91 130
97 130
99 130
100 130
159 130
160 130
161 130
164 130
90 131
91 131
93 131
94 131
96 131
99 131
107 131
143 131
154 131
155 131
158 131
159 131
162 131
164 131
91 132
92 132
93 132
94 132
96 132
97 132
103 132
155 132
159 132
160 132
161 132
162 132
164 132
90 133
91 133
94 133
95 133
98 133
99 133
100 133
104 133
131 133
150 133
153 133
154 133
156 133
157 133
158 133
159 133
162 133
163 133
164 133
91 134
95 134
96 134
97 134
159 134
160 134
161 134
165 134
90 135
92 135
93 135
99 135
100 135
103 135
155 135
157 135
162 135
163 135
164 135
90 136
92 136
96 136
97 136
98 136
102 136
104 136
152 136
158 136
159 136
160 136
162 136
165 136
90 137
92 137
93 137
99 137
155 137
157 137
158 137
163 137
164 137
90 138
92 138
93 138
96 138
98 138
104 138
127 138
156 138
160 138
164 138
165 138
166 138
90 139
93 139
94 139
96 139
158 139
160 139
162 139
163 139
165 139
90 140
93 140
96 140
126 140
130 140
158 140
164 140
165 140
166 140
90 141
91 141
92 141
93 141
95 141
98 141
156 141
158 141
159 141
160 141
162 141
163 141
164 141
89 142
90 142
93 142
127 142
139 142
162 142
165 142
166 142
90 143
91 143
92 143
93 143
125 143
162 143
163 143
164 143
165 143
89 144
90 144
93 144
95 144
96 144
97 144
115 144
140 144
158 144
159 144
160 144
162 144
165 144
166 144
87 145
89 145
92 145
93 145
98 145
99 145
117 145
137 145
156 145
157 145
162 145
163 145
166 145
168 145
88 146
89 146
90 146
95 146
96 146
159 146
160 146
165 146
166 146
87 147
88 147
91 147
92 147
93 147
94 147
95 147
113 147
118 147
131 147
142 147
160 147
161 147
162 147
163 147
164 147
167 147
168 147
87 148
88 148
90 148
91 148
92 148
135 148
161 148
164 148
165 148
167 148
168 148
85 149
87 149
88 149
89 149
90 149
119 149
164 149
165 149
167 149
168 149
170 149
86 150
87 150
134 150
167 150
168 150
89 151
90 151
110 151
145 151
165 151
166 151
170 151
86 152
87 152
121 152
133 152
168 152
169 152
86 154
87 154
88 154
89 154
122 154
124 154
166 154
167 154
168 154
169 154
123 156
132 156
120 159
136 159
116 160
111 161
106 164
107 164
149 164
127 168
