111 0
106 1
107 1
148 1
149 1
144 4
116 5
120 6
136 6
123 9
132 9
122 11
124 11
121 13
133 13
110 14
145 14
134 15
119 16
135 17
113 18
118 18
131 18
142 18
117 20
137 20
115 21
130 21
140 21
125 22
127 23
139 23
127 25
128 37
0 100
255 100
0 102
255 102
0 104
2 104
255 104
0 105
1 105
254 105
0 106
1 106
2 106
253 106
254 106
255 106
0 107
1 107
2 107
4 107
253 107
254 107
255 107
0 108
1 108
3 108
4 108
5 108
250 108
251 108
252 108
254 108
255 108
0 109
255 109
0 110
2 110
3 110
252 110
253 110
255 110
0 111
3 111
5 111
6 111
7 111
8 111
247 111
248 111
249 111
250 111
252 111
255 111
0 112
1 112
2 112
3 112
252 112
253 112
254 112
255 112
0 113
3 113
11 113
243 113
252 113
255 113
0 114
1 114
2 114
3 114
5 114
8 114
246 114
248 114
249 114
250 114
252 114
253 114
254 114
0 115
3 115
6 115
248 115
254 115
255 115
0 116
3 116
4 116
6 116
248 116
250 116
252 116
253 116
255 116
0 117
2 117
3 117
6 117
8 117
14 117
246 117
250 117
254 117
255 117
0 118
2 118
3 118
9 118
245 118
247 118
248 118
253 118
254 118
0 119
2 119
6 119
7 119
8 119
12 119
14 119
242 119
248 119
249 119
250 119
252 119
255 119
0 120
2 120
3 120
9 120
10 120
13 120
245 120
247 120
252 120
253 120
254 120
0 121
1 121
5 121
6 121
7 121
249 121
250 121
251 121
255 121
0 122
1 122
4 122
5 122
8 122
9 122
10 122
14 122
240 122
243 122
244 122
246 122
247 122
248 122
249 122
252 122
253 122
254 122
1 123
2 123
3 123
4 123
6 123
7 123
13 123
245 123
249 123
250 123
251 123
252 123
254 123
0 124
1 124
3 124
4 124
6 124
9 124
244 124
245 124
248 124
249 124
252 124
254 124
1 125
7 125
9 125
10 125
16 125
234 125
249 125
250 125
251 125
254 125
1 126
3 126
4 126
5 126
7 126
9 126
24 126
232 126
241 126
245 126
246 126
247 126
250 126
251 126
252 126
254 126
2 127
3 127
4 127
5 127
6 127
7 127
8 127
9 127
18 127
22 127
32 127
36 127
39 127
220 127
223 127
224 127
228 127
233 127
238 127
239 127
245 127
246 127
247 127
248 127
249 127
250 127
251 127
252 127
253 127
2 128
3 128
4 128
5 128
6 128
7 128
8 128
9 128
18 128
22 128
25 128
26 128
29 128
32 128
38 128
39 128
218 128
222 128
228 128
229 128
232 128
233 128
238 128
239 128
245 128
246 128
247 128
248 128
249 128
250 128
251 128
252 128
253 128
1 129
3 129
4 129
5 129
7 129
9 129
24 129
26 129
228 129
232 129
241 129
245 129
246 129
247 129
250 129
251 129
252 129
254 129
1 130
7 130
9 130
10 130
249 130
250 130
251 130
254 130
0 131
1 131
3 131
4 131
6 131
9 131
17 131
233 131
244 131
245 131
248 131
249 131
252 131
254 131
1 132
2 132
3 132
4 132
6 132
7 132
13 132
245 132
249 132
250 132
251 132
252 132
254 132
0 133
1 133
4 133
5 133
8 133
9 133
10 133
14 133
240 133
243 133
244 133
246 133
247 133
248 133
249 133
252 133
253 133
254 133
1 134
5 134
6 134
7 134
249 134
250 134
251 134
255 134
0 135
2 135
3 135
9 135
10 135
13 135
245 135
247 135
252 135
253 135
254 135
0 136
2 136
6 136
7 136
8 136
12 136
14 136
242 136
248 136
249 136
250 136
252 136
255 136
0 137
2 137
3 137
9 137
245 137
247 137
248 137
253 137
254 137
0 138
2 138
3 138
6 138
8 138
14 138
246 138
250 138
254 138
255 138
0 139
3 139
4 139
6 139
248 139
250 139
252 139
253 139
255 139
0 140
3 140
6 140
248 140
254 140
255 140
0 141
1 141
2 141
3 141
5 141
8 141
246 141
248 141
249 141
250 141
252 141
253 141
254 141
0 142
3 142
252 142
255 142
0 143
1 143
2 143
3 143
252 143
253 143
254 143
255 143
0 144
3 144
5 144
6 144
7 144
248 144
249 144
250 144
252 144
255 144
0 145
2 145
3 145
8 145
9 145
246 145
247 145
252 145
253 145
255 145
0 146
5 146
6 146
249 146
250 146
255 146
0 147
1 147
2 147
3 147
4 147
5 147
250 147
251 147
252 147
253 147
254 147
255 147
0 148
1 148
2 148
251 148
254 148
255 148
0 149
2 149
253 149
254 149
255 149
1 150
254 150
255 150
0 151
253 151
255 151
0 153
255 153
0 155
255 155
131 223
127 228
126 230
130 230
127 232
139 232
125 233
115 234
140 234
117 235
137 235
113 237
118 237
131 237
142 237
135 238
119 239
134 240
110 241
145 241
121 242
133 242
122 244
124 244
123 246
132 246
120 249
136 249
116 250
111 251
106 254
107 254
149 254
