106 61
107 61
148 61
149 61
144 64
116 65
120 66
136 66
123 69
132 69
122 71
124 71
121 73
133 73
110 74
145 74
134 75
119 76
135 77
113 78
118 78
131 78
142 78
117 80
137 80
115 81
130 81
140 81
125 82
127 83
139 83
127 85
128 97
56 101
57 101
58 101
59 101
196 101
197 101
198 101
199 101
56 103
57 103
198 103
199 103
55 104
59 104
60 104
195 104
196 104
57 105
58 105
198 105
199 105
55 106
57 106
58 106
60 106
61 106
195 106
196 106
197 106
198 106
200 106
55 107
57 107
58 107
60 107
61 107
64 107
193 107
194 107
195 107
197 107
198 107
200 107
57 108
58 108
61 108
63 108
64 108
65 108
190 108
191 108
192 108
194 108
197 108
198 108
59 109
60 109
195 109
196 109
197 109
57 110
59 110
62 110
63 110
192 110
193 110
196 110
198 110
59 111
60 111
63 111
65 111
66 111
67 111
68 111
187 111
188 111
189 111
190 111
192 111
195 111
196 111
60 112
61 112
62 112
63 112
192 112
193 112
194 112
195 112
59 113
60 113
63 113
71 113
183 113
192 113
195 113
196 113
60 114
61 114
62 114
63 114
65 114
68 114
186 114
188 114
189 114
190 114
192 114
193 114
194 114
60 115
63 115
66 115
188 115
194 115
195 115
196 115
60 116
63 116
64 116
66 116
188 116
190 116
192 116
193 116
195 116
60 117
62 117
63 117
66 117
68 117
74 117
186 117
190 117
194 117
195 117
196 117
60 118
62 118
63 118
69 118
185 118
187 118
188 118
193 118
194 118
60 119
62 119
66 119
67 119
68 119
72 119
74 119
182 119
188 119
189 119
190 119
192 119
195 119
60 120
62 120
63 120
69 120
70 120
73 120
185 120
187 120
192 120
193 120
194 120
60 121
61 121
65 121
66 121
67 121
189 121
190 121
191 121
195 121
60 122
61 122
64 122
65 122
68 122
69 122
70 122
74 122
180 122
183 122
184 122
186 122
187 122
188 122
189 122
192 122
193 122
194 122
61 123
62 123
63 123
64 123
66 123
67 123
73 123
185 123
189 123
190 123
191 123
192 123
194 123
60 124
61 124
63 124
64 124
66 124
69 124
184 124
185 124
188 124
189 124
192 124
194 124
61 125
67 125
69 125
70 125
76 125
174 125
189 125
190 125
191 125
194 125
61 126
64 126
65 126
67 126
84 126
172 126
181 126
185 126
187 126
191 126
194 126
28 127
29 127
30 127
31 127
32 127
33 127
34 127
35 127
36 127
37 127
38 127
39 127
40 127
41 127
42 127
43 127
45 127
47 127
49 127
51 127
53 127
55 127
56 127
58 127
60 127
62 127
63 127
65 127
67 127
68 127
78 127
82 127
92 127
96 127
99 127
160 127
163 127
164 127
168 127
173 127
178 127
179 127
185 127
187 127
188 127
190 127
192 127
193 127
195 127
197 127
199 127
200 127
202 127
204 127
206 127
208 127
210 127
212 127
213 127
214 127
215 127
216 127
217 127
218 127
219 127
220 127
221 127
222 127
223 127
224 127
225 127
226 127
227 127
28 128
29 128
30 128
31 128
32 128
33 128
34 128
35 128
36 128
37 128
38 128
39 128
40 128
41 128
42 128
43 128
45 128
47 128
49 128
51 128
53 128
55 128
56 128
58 128
60 128
62 128
63 128
65 128
67 128
68 128
78 128
82 128
85 128
86 128
89 128
92 128
98 128
99 128
158 128
162 128
168 128
169 128
172 128
173 128
178 128
179 128
185 128
187 128
188 128
190 128
192 128
193 128
195 128
197 128
199 128
200 128
202 128
204 128
206 128
208 128
210 128
212 128
213 128
214 128
215 128
216 128
217 128
218 128
219 128
220 128
221 128
222 128
223 128
224 128
225 128
226 128
227 128
61 129
64 129
65 129
67 129
84 129
86 129
168 129
172 129
181 129
185 129
187 129
191 129
194 129
61 130
67 130
69 130
70 130
189 130
190 130
191 130
194 130
60 131
61 131
63 131
64 131
66 131
69 131
77 131
173 131
184 131
185 131
188 131
189 131
192 131
194 131
61 132
62 132
63 132
64 132
66 132
67 132
73 132
185 132
189 132
190 132
191 132
192 132
194 132
60 133
61 133
64 133
65 133
68 133
69 133
70 133
74 133
180 133
183 133
184 133
186 133
187 133
188 133
189 133
192 133
193 133
194 133
61 134
65 134
66 134
67 134
189 134
190 134
191 134
195 134
60 135
62 135
63 135
69 135
70 135
73 135
185 135
187 135
192 135
193 135
194 135
60 136
62 136
66 136
67 136
68 136
72 136
74 136
182 136
188 136
189 136
190 136
192 136
195 136
60 137
62 137
63 137
69 137
185 137
187 137
188 137
193 137
194 137
60 138
62 138
63 138
66 138
68 138
74 138
186 138
190 138
194 138
195 138
196 138
60 139
63 139
64 139
66 139
188 139
190 139
192 139
193 139
195 139
60 140
63 140
66 140
188 140
194 140
195 140
196 140
60 141
61 141
62 141
63 141
65 141
68 141
186 141
188 141
189 141
190 141
192 141
193 141
194 141
59 142
60 142
63 142
192 142
195 142
196 142
60 143
61 143
62 143
63 143
192 143
193 143
194 143
195 143
59 144
60 144
63 144
65 144
66 144
67 144
188 144
189 144
190 144
192 144
195 144
196 144
57 145
59 145
62 145
63 145
68 145
69 145
186 145
187 145
192 145
193 145
196 145
198 145
58 146
59 146
60 146
65 146
66 146
189 146
190 146
195 146
196 146
57 147
58 147
61 147
62 147
63 147
64 147
65 147
190 147
191 147
192 147
193 147
194 147
197 147
198 147
57 148
58 148
60 148
61 148
62 148
191 148
194 148
195 148
197 148
198 148
55 149
57 149
58 149
59 149
60 149
194 149
195 149
197 149
198 149
200 149
56 150
57 150
197 150
198 150
59 151
60 151
195 151
196 151
200 151
56 152
57 152
198 152
199 152
56 154
57 154
58 154
59 154
196 154
197 154
198 154
199 154
131 163
127 168
126 170
130 170
127 172
139 172
125 173
115 174
140 174
117 175
137 175
113 177
118 177
131 177
142 177
135 178
119 179
134 180
110 181
145 181
121 182
133 182
122 184
124 184
123 186
132 186
120 189
136 189
116 190
111 191
106 194
107 194
149 194
127 198
