106 41
107 41
148 41
149 41
144 44
116 45
120 46
136 46
123 49
132 49
122 51
124 51
121 53
133 53
110 54
145 54
134 55
119 56
135 57
113 58
118 58
131 58
142 58
117 60
137 60
115 61
130 61
140 61
125 62
127 63
139 63
127 65
128 77
36 101
37 101
38 101
39 101
216 101
217 101
218 101
219 101
36 103
37 103
218 103
219 103
35 104
39 104
40 104
215 104
216 104
37 105
38 105
218 105
219 105
35 106
37 106
38 106
40 106
41 106
215 106
216 106
217 106
218 106
220 106
35 107
37 107
38 107
40 107
41 107
44 107
213 107
214 107
215 107
217 107
218 107
220 107
37 108
38 108
41 108
43 108
44 108
45 108
210 108
211 108
212 108
214 108
217 108
218 108
39 109
40 109
215 109
216 109
217 109
37 110
39 110
42 110
43 110
212 110
213 110
216 110
218 110
39 111
40 111
43 111
45 111
46 111
47 111
48 111
207 111
208 111
209 111
210 111
212 111
215 111
216 111
40 112
41 112
42 112
43 112
212 112
213 112
214 112
215 112
39 113
40 113
43 113
51 113
203 113
212 113
215 113
216 113
40 114
41 114
42 114
43 114
45 114
48 114
206 114
208 114
209 114
210 114
212 114
213 114
214 114
40 115
43 115
46 115
208 115
214 115
215 115
216 115
40 116
43 116
44 116
46 116
208 116
210 116
212 116
213 116
215 116
40 117
42 117
43 117
46 117
48 117
54 117
206 117
210 117
214 117
215 117
216 117
40 118
42 118
43 118
49 118
205 118
207 118
208 118
213 118
214 118
40 119
42 119
46 119
47 119
48 119
52 119
54 119
202 119
208 119
209 119
210 119
212 119
215 119
40 120
42 120
43 120
49 120
50 120
53 120
205 120
207 120
212 120
213 120
214 120
40 121
41 121
45 121
46 121
47 121
209 121
210 121
211 121
215 121
40 122
41 122
44 122
45 122
48 122
49 122
50 122
54 122
200 122
203 122
204 122
206 122
207 122
208 122
209 122
212 122
213 122
214 122
41 123
42 123
43 123
44 123
46 123
47 123
53 123
205 123
209 123
210 123
211 123
212 123
214 123
40 124
41 124
43 124
44 124
46 124
49 124
204 124
205 124
208 124
209 124
212 124
214 124
41 125
47 125
49 125
50 125
56 125
194 125
209 125
210 125
211 125
214 125
41 126
44 126
45 126
47 126
64 126
192 126
201 126
205 126
207 126
211 126
214 126
8 127
9 127
10 127
11 127
12 127
13 127
14 127
15 127
16 127
17 127
18 127
19 127
20 127
21 127
22 127
23 127
25 127
27 127
29 127
31 127
33 127
35 127
36 127
38 127
40 127
42 127
43 127
45 127
47 127
48 127
58 127
62 127
72 127
76 127
79 127
180 127
183 127
184 127
188 127
193 127
198 127
199 127
205 127
207 127
208 127
210 127
212 127
213 127
215 127
217 127
219 127
220 127
222 127
224 127
226 127
228 127
230 127
232 127
233 127
234 127
235 127
236 127
237 127
238 127
239 127
240 127
241 127
242 127
243 127
244 127
245 127
246 127
247 127
8 128
9 128
10 128
11 128
12 128
13 128
14 128
15 128
16 128
17 128
18 128
19 128
20 128
21 128
22 128
23 128
25 128
27 128
29 128
31 128
33 128
35 128
36 128
38 128
40 128
42 128
43 128
45 128
47 128
48 128
58 128
62 128
65 128
66 128
69 128
72 128
78 128
79 128
178 128
182 128
188 128
189 128
192 128
193 128
198 128
199 128
205 128
207 128
208 128
210 128
212 128
213 128
215 128
217 128
219 128
220 128
222 128
224 128
226 128
228 128
230 128
232 128
233 128
234 128
235 128
236 128
237 128
238 128
239 128
240 128
241 128
242 128
243 128
244 128
245 128
246 128
247 128
41 129
44 129
45 129
47 129
64 129
66 129
188 129
192 129
201 129
205 129
207 129
211 129
214 129
41 130
47 130
49 130
50 130
209 130
210 130
211 130
214 130
40 131
41 131
43 131
44 131
46 131
49 131
57 131
193 131
204 131
205 131
208 131
209 131
212 131
214 131
41 132
42 132
43 132
44 132
46 132
47 132
53 132
205 132
209 132
210 132
211 132
212 132
214 132
40 133
41 133
44 133
45 133
48 133
49 133
50 133
54 133
200 133
203 133
204 133
206 133
207 133
208 133
209 133
212 133
213 133
214 133
41 134
45 134
46 134
47 134
209 134
210 134
211 134
215 134
40 135
42 135
43 135
49 135
50 135
53 135
205 135
207 135
212 135
213 135
214 135
40 136
42 136
46 136
47 136
48 136
52 136
54 136
202 136
208 136
209 136
210 136
212 136
215 136
40 137
42 137
43 137
49 137
205 137
207 137
208 137
213 137
214 137
40 138
42 138
43 138
46 138
48 138
54 138
206 138
210 138
214 138
215 138
216 138
40 139
43 139
44 139
46 139
208 139
210 139
212 139
213 139
215 139
40 140
43 140
46 140
208 140
214 140
215 140
216 140
40 141
41 141
42 141
43 141
45 141
48 141
206 141
208 141
209 141
210 141
212 141
213 141
214 141
39 142
40 142
43 142
212 142
215 142
216 142
40 143
41 143
42 143
43 143
212 143
213 143
214 143
215 143
39 144
40 144
43 144
45 144
46 144
47 144
208 144
209 144
210 144
212 144
215 144
216 144
37 145
39 145
42 145
43 145
48 145
49 145
206 145
207 145
212 145
213 145
216 145
218 145
38 146
39 146
40 146
45 146
46 146
209 146
210 146
215 146
216 146
37 147
38 147
41 147
42 147
43 147
44 147
45 147
210 147
211 147
212 147
213 147
214 147
217 147
218 147
37 148
38 148
40 148
41 148
42 148
211 148
214 148
215 148
217 148
218 148
35 149
37 149
38 149
39 149
40 149
214 149
215 149
217 149
218 149
220 149
36 150
37 150
217 150
218 150
39 151
40 151
215 151
216 151
220 151
36 152
37 152
218 152
219 152
36 154
37 154
38 154
39 154
216 154
217 154
218 154
219 154
131 183
127 188
126 190
130 190
127 192
139 192
125 193
115 194
140 194
117 195
137 195
113 197
118 197
131 197
142 197
135 198
119 199
134 200
110 201
145 201
121 202
133 202
122 204
124 204
123 206
132 206
120 209
136 209
116 210
111 211
106 214
107 214
149 214
127 218
