121 96
122 96
123 96
124 96
125 96
126 96
127 96
128 96
129 96
130 96
131 96
132 96
133 96
117 97
118 97
119 97
120 97
121 97
122 97
123 97
124 97
125 97
126 97
127 97
128 97
129 97
130 97
131 97
132 97
133 97
134 97
135 97
136 97
137 97
138 97
114 98
115 98
116 98
117 98
118 98
119 98
120 98
121 98
122 98
123 98
124 98
125 98
126 98
127 98
128 98
129 98
130 98
131 98
132 98
133 98
134 98
135 98
136 98
137 98
138 98
139 98
140 98
141 98
111 99
112 99
113 99
114 99
115 99
116 99
117 99
118 99
119 99
120 99
121 99
122 99
123 99
124 99
125 99
126 99
127 99
128 99
129 99
130 99
131 99
132 99
133 99
134 99
135 99
136 99
137 99
138 99
139 99
140 99
141 99
142 99
143 99
107 100
108 100
110 100
111 100
112 100
113 100
114 100
115 100
116 100
117 100
118 100
119 100
120 100
121 100
122 100
123 100
124 100
125 100
126 100
127 100
128 100
129 100
130 100
131 100
132 100
133 100
134 100
135 100
136 100
137 100
138 100
139 100
140 100
141 100
142 100
143 100
144 100
145 100
146 100
147 100
148 100
106 101
107 101
108 101
109 101
110 101
111 101
112 101
113 101
114 101
115 101
116 101
117 101
118 101
119 101
120 101
121 101
122 101
123 101
124 101
125 101
126 101
127 101
128 101
129 101
130 101
131 101
132 101
133 101
134 101
135 101
136 101
137 101
138 101
139 101
140 101
141 101
142 101
143 101
144 101
145 101
146 101
147 101
148 101
149 101
105 102
106 102
107 102
108 102
109 102
110 102
111 102
112 102
113 102
114 102
115 102
116 102
117 102
118 102
119 102
120 102
121 102
122 102
123 102
124 102
125 102
126 102
127 102
128 102
129 102
130 102
131 102
132 102
133 102
134 102
135 102
136 102
137 102
138 102
139 102
140 102
141 102
142 102
143 102
144 102
145 102
146 102
147 102
148 102
149 102
150 102
104 103
105 103
106 103
107 103
108 103
109 103
110 103
111 103
112 103
113 103
114 103
115 103
116 103
117 103
118 103
119 103
120 103
121 103
122 103
123 103
124 103
125 103
126 103
127 103
128 103
129 103
130 103
131 103
132 103
133 103
134 103
135 103
136 103
137 103
138 103
139 103
140 103
141 103
142 103
143 103
144 103
145 103
146 103
147 103
148 103
149 103
150 103
151 103
103 104
104 104
105 104
106 104
107 104
108 104
109 104
110 104
111 104
112 104
113 104
114 104
115 104
116 104
117 104
118 104
119 104
120 104
121 104
122 104
123 104
124 104
125 104
126 104
127 104
128 104
129 104
130 104
131 104
132 104
133 104
134 104
135 104
136 104
137 104
138 104
139 104
140 104
141 104
142 104
143 104
144 104
145 104
146 104
147 104
148 104
149 104
150 104
151 104
152 104
102 105
103 105
104 105
105 105
106 105
107 105
108 105
109 105
110 105
111 105
112 105
113 105
114 105
115 105
116 105
117 105
118 105
119 105
120 105
121 105
122 105
123 105
124 105
125 105
126 105
127 105
128 105
129 105
130 105
131 105
132 105
133 105
134 105
135 105
136 105
137 105
138 105
139 105
140 105
141 105
142 105
143 105
144 105
145 105
146 105
147 105
148 105
149 105
150 105
151 105
152 105
153 105
101 106
102 106
103 106
104 106
105 106
106 106
107 106
108 106
109 106
110 106
111 106
112 106
113 106
114 106
115 106
116 106
117 106
118 106
119 106
120 106
121 106
122 106
123 106
124 106
125 106
126 106
127 106
128 106
129 106
130 106
131 106
132 106
133 106
134 106
135 106
136 106
137 106
138 106
139 106
140 106
141 106
142 106
143 106
144 106
145 106
146 106
147 106
148 106
149 106
150 106
151 106
152 106
153 106
154 106
100 107
101 107
102 107
103 107
104 107
105 107
106 107
107 107
108 107
109 107
110 107
111 107
112 107
113 107
114 107
115 107
116 107
117 107
118 107
119 107
120 107
136 107
137 107
138 107
139 107
140 107
141 107
142 107
143 107
144 107
145 107
146 107
147 107
148 107
149 107
150 107
151 107
152 107
153 107
154 107
155 107
100 108
101 108
102 108
103 108
104 108
105 108
106 108
107 108
108 108
109 108
110 108
111 108
112 108
113 108
114 108
115 108
116 108
138 108
139 108
140 108
141 108
142 108
143 108
144 108
145 108
146 108
147 108
148 108
149 108
150 108
151 108
152 108
153 108
154 108
155 108
100 109
101 109
102 109
103 109
104 109
105 109
106 109
107 109
108 109
109 109
110 109
111 109
112 109
113 109
114 109
141 109
142 109
143 109
144 109
145 109
146 109
147 109
148 109
149 109
150 109
151 109
152 109
153 109
154 109
100 110
101 110
102 110
103 110
104 110
105 110
106 110
107 110
108 110
109 110
110 110
111 110
112 110
143 110
144 110
145 110
146 110
147 110
148 110
149 110
150 110
151 110
152 110
153 110
154 110
155 110
100 111
101 111
102 111
103 111
104 111
105 111
106 111
107 111
108 111
109 111
110 111
111 111
144 111
145 111
146 111
147 111
148 111
149 111
150 111
151 111
152 111
153 111
154 111
155 111
156 111
99 112
100 112
101 112
102 112
103 112
104 112
105 112
106 112
107 112
108 112
109 112
110 112
145 112
146 112
147 112
148 112
149 112
150 112
151 112
152 112
153 112
154 112
155 112
156 112
99 113
100 113
101 113
102 113
103 113
104 113
105 113
106 113
107 113
108 113
109 113
146 113
147 113
148 113
149 113
150 113
151 113
152 113
153 113
154 113
155 113
156 113
98 114
99 114
100 114
101 114
102 114
103 114
104 114
105 114
106 114
107 114
108 114
109 114
146 114
147 114
148 114
149 114
150 114
151 114
152 114
153 114
154 114
155 114
156 114
157 114
98 115
99 115
100 115
101 115
102 115
103 115
104 115
105 115
106 115
107 115
108 115
147 115
148 115
149 115
150 115
151 115
152 115
153 115
154 115
155 115
156 115
157 115
98 116
99 116
100 116
101 116
102 116
103 116
104 116
105 116
106 116
107 116
108 116
147 116
148 116
149 116
150 116
151 116
152 116
153 116
154 116
155 116
156 116
157 116
97 117
98 117
99 117
100 117
101 117
102 117
103 117
104 117
105 117
106 117
107 117
108 117
148 117
149 117
150 117
151 117
152 117
153 117
154 117
155 117
156 117
157 117
158 117
97 118
98 118
99 118
100 118
101 118
102 118
103 118
104 118
105 118
106 118
107 118
148 118
149 118
150 118
151 118
152 118
153 118
154 118
155 118
156 118
157 118
158 118
97 119
98 119
99 119
100 119
101 119
102 119
103 119
104 119
105 119
106 119
107 119
148 119
149 119
150 119
151 119
152 119
153 119
154 119
155 119
156 119
157 119
158 119
97 120
98 120
99 120
100 120
101 120
102 120
103 120
104 120
105 120
106 120
148 120
149 120
150 120
151 120
152 120
153 120
154 120
155 120
156 120
157 120
158 120
97 121
98 121
99 121
100 121
101 121
102 121
103 121
104 121
105 121
106 121
149 121
150 121
151 121
152 121
153 121
154 121
155 121
156 121
157 121
158 121
159 121
96 122
97 122
98 122
99 122
100 122
101 122
102 122
103 122
104 122
105 122
106 122
149 122
150 122
151 122
152 122
153 122
154 122
155 122
156 122
157 122
158 122
159 122
96 123
97 123
98 123
99 123
100 123
101 123
102 123
103 123
104 123
105 123
106 123
149 123
150 123
151 123
152 123
153 123
154 123
155 123
156 123
157 123
158 123
159 123
96 124
97 124
98 124
99 124
100 124
101 124
102 124
103 124
104 124
105 124
106 124
149 124
150 124
151 124
152 124
153 124
154 124
155 124
156 124
157 124
158 124
159 124
96 125
97 125
98 125
99 125
100 125
101 125
102 125
103 125
104 125
105 125
106 125
149 125
150 125
151 125
152 125
153 125
154 125
155 125
156 125
157 125
158 125
159 125
96 126
97 126
98 126
99 126
100 126
101 126
102 126
103 126
104 126
105 126
106 126
149 126
150 126
151 126
152 126
153 126
154 126
155 126
156 126
157 126
158 126
159 126
96 127
97 127
98 127
99 127
100 127
101 127
102 127
103 127
104 127
105 127
106 127
149 127
150 127
151 127
152 127
153 127
154 127
155 127
156 127
157 127
158 127
159 127
96 128
97 128
98 128
99 128
100 128
101 128
102 128
103 128
104 128
105 128
106 128
149 128
150 128
151 128
152 128
153 128
154 128
155 128
156 128
157 128
158 128
159 128
96 129
97 129
98 129
99 129
100 129
101 129
102 129
103 129
104 129
105 129
106 129
149 129
150 129
151 129
152 129
153 129
154 129
155 129
156 129
157 129
158 129
159 129
96 130
97 130
98 130
99 130
100 130
101 130
102 130
103 130
104 130
105 130
106 130
149 130
150 130
151 130
152 130
153 130
154 130
155 130
156 130
157 130
158 130
159 130
96 131
97 131
98 131
99 131
100 131
101 131
102 131
103 131
104 131
105 131
106 131
149 131
150 131
151 131
152 131
153 131
154 131
155 131
156 131
157 131
158 131
159 131
96 132
97 132
98 132
99 132
100 132
101 132
102 132
103 132
104 132
105 132
106 132
149 132
150 132
151 132
152 132
153 132
154 132
155 132
156 132
157 132
158 132
159 132
96 133
97 133
98 133
99 133
100 133
101 133
102 133
103 133
104 133
105 133
106 133
149 133
150 133
151 133
152 133
153 133
154 133
155 133
156 133
157 133
158 133
159 133
96 134
97 134
98 134
99 134
100 134
101 134
102 134
103 134
104 134
105 134
106 134
149 134
150 134
151 134
152 134
153 134
154 134
155 134
156 134
157 134
158 134
97 135
98 135
99 135
100 135
101 135
102 135
103 135
104 135
105 135
106 135
148 135
149 135
150 135
151 135
152 135
153 135
154 135
155 135
156 135
157 135
158 135
97 136
98 136
99 136
100 136
101 136
102 136
103 136
104 136
105 136
106 136
107 136
148 136
149 136
150 136
151 136
152 136
153 136
154 136
155 136
156 136
157 136
158 136
97 137
98 137
99 137
100 137
101 137
102 137
103 137
104 137
105 137
106 137
107 137
148 137
149 137
150 137
151 137
152 137
153 137
154 137
155 137
156 137
157 137
158 137
97 138
98 138
99 138
100 138
101 138
102 138
103 138
104 138
105 138
106 138
107 138
108 138
148 138
149 138
150 138
151 138
152 138
153 138
154 138
155 138
156 138
157 138
158 138
98 139
99 139
100 139
101 139
102 139
103 139
104 139
105 139
106 139
107 139
108 139
147 139
148 139
149 139
150 139
151 139
152 139
153 139
154 139
155 139
156 139
157 139
98 140
99 140
100 140
101 140
102 140
103 140
104 140
105 140
106 140
107 140
108 140
147 140
148 140
149 140
150 140
151 140
152 140
153 140
154 140
155 140
156 140
157 140
98 141
99 141
100 141
101 141
102 141
103 141
104 141
105 141
106 141
107 141
108 141
109 141
146 141
147 141
148 141
149 141
150 141
151 141
152 141
153 141
154 141
155 141
156 141
157 141
99 142
100 142
101 142
102 142
103 142
104 142
105 142
106 142
107 142
108 142
109 142
146 142
147 142
148 142
149 142
150 142
151 142
152 142
153 142
154 142
155 142
156 142
99 143
100 143
101 143
102 143
103 143
104 143
105 143
106 143
107 143
108 143
109 143
110 143
145 143
146 143
147 143
148 143
149 143
150 143
151 143
152 143
153 143
154 143
155 143
156 143
99 144
100 144
101 144
102 144
103 144
104 144
105 144
106 144
107 144
108 144
109 144
110 144
111 144
144 144
145 144
146 144
147 144
148 144
149 144
150 144
151 144
152 144
153 144
154 144
155 144
156 144
100 145
101 145
102 145
103 145
104 145
105 145
106 145
107 145
108 145
109 145
110 145
111 145
112 145
143 145
144 145
145 145
146 145
147 145
148 145
149 145
150 145
151 145
152 145
153 145
154 145
155 145
101 146
102 146
103 146
104 146
105 146
106 146
107 146
108 146
109 146
110 146
111 146
112 146
113 146
114 146
141 146
142 146
143 146
144 146
145 146
146 146
147 146
148 146
149 146
150 146
151 146
152 146
153 146
154 146
155 146
100 147
101 147
102 147
103 147
104 147
105 147
106 147
107 147
108 147
109 147
110 147
111 147
112 147
113 147
114 147
115 147
116 147
138 147
139 147
140 147
141 147
142 147
143 147
144 147
145 147
146 147
147 147
148 147
149 147
150 147
151 147
152 147
153 147
154 147
155 147
100 148
101 148
102 148
103 148
104 148
105 148
106 148
107 148
108 148
109 148
110 148
111 148
112 148
113 148
114 148
115 148
116 148
117 148
118 148
119 148
120 148
136 148
137 148
138 148
139 148
140 148
141 148
142 148
143 148
144 148
145 148
146 148
147 148
148 148
149 148
150 148
151 148
152 148
153 148
154 148
155 148
101 149
102 149
103 149
104 149
105 149
106 149
107 149
108 149
109 149
110 149
111 149
112 149
113 149
114 149
115 149
116 149
117 149
118 149
119 149
120 149
121 149
122 149
123 149
124 149
125 149
126 149
127 149
128 149
129 149
130 149
131 149
132 149
133 149
134 149
135 149
136 149
137 149
138 149
139 149
140 149
141 149
142 149
143 149
144 149
145 149
146 149
147 149
148 149
149 149
150 149
151 149
152 149
153 149
154 149
102 150
103 150
104 150
105 150
106 150
107 150
108 150
109 150
110 150
111 150
112 150
113 150
114 150
115 150
116 150
117 150
118 150
119 150
120 150
121 150
122 150
123 150
124 150
125 150
126 150
127 150
128 150
129 150
130 150
131 150
132 150
133 150
134 150
135 150
136 150
137 150
138 150
139 150
140 150
141 150
142 150
143 150
144 150
145 150
146 150
147 150
148 150
149 150
150 150
151 150
152 150
153 150
103 151
104 151
105 151
106 151
107 151
108 151
109 151
110 151
111 151
112 151
113 151
114 151
115 151
116 151
117 151
118 151
119 151
120 151
121 151
122 151
123 151
124 151
125 151
126 151
127 151
128 151
129 151
130 151
131 151
132 151
133 151
134 151
135 151
136 151
137 151
138 151
139 151
140 151
141 151
142 151
143 151
144 151
145 151
146 151
147 151
148 151
149 151
150 151
151 151
152 151
104 152
105 152
106 152
107 152
108 152
109 152
110 152
111 152
112 152
113 152
114 152
115 152
116 152
117 152
118 152
119 152
120 152
121 152
122 152
123 152
124 152
125 152
126 152
127 152
128 152
129 152
130 152
131 152
132 152
133 152
134 152
135 152
136 152
137 152
138 152
139 152
140 152
141 152
142 152
143 152
144 152
145 152
146 152
147 152
148 152
149 152
150 152
151 152
105 153
106 153
107 153
108 153
109 153
110 153
111 153
112 153
113 153
114 153
115 153
116 153
117 153
118 153
119 153
120 153
121 153
122 153
123 153
124 153
125 153
126 153
127 153
128 153
129 153
130 153
131 153
132 153
133 153
134 153
135 153
136 153
137 153
138 153
139 153
140 153
141 153
142 153
143 153
144 153
145 153
146 153
147 153
148 153
149 153
150 153
106 154
107 154
108 154
109 154
110 154
111 154
112 154
113 154
114 154
115 154
116 154
117 154
118 154
119 154
120 154
121 154
122 154
123 154
124 154
125 154
126 154
127 154
128 154
129 154
130 154
131 154
132 154
133 154
134 154
135 154
136 154
137 154
138 154
139 154
140 154
141 154
142 154
143 154
144 154
145 154
146 154
147 154
148 154
149 154
107 155
108 155
109 155
110 155
111 155
112 155
113 155
114 155
115 155
116 155
117 155
118 155
119 155
120 155
121 155
122 155
123 155
124 155
125 155
126 155
127 155
128 155
129 155
130 155
131 155
132 155
133 155
134 155
135 155
136 155
137 155
138 155
139 155
140 155
141 155
142 155
143 155
144 155
145 155
147 155
148 155
112 156
113 156
114 156
115 156
116 156
117 156
118 156
119 156
120 156
121 156
122 156
123 156
124 156
125 156
126 156
127 156
128 156
129 156
130 156
131 156
132 156
133 156
134 156
135 156
136 156
137 156
138 156
139 156
140 156
141 156
142 156
143 156
144 156
114 157
115 157
116 157
117 157
118 157
119 157
120 157
121 157
122 157
123 157
124 157
125 157
126 157
127 157
128 157
129 157
130 157
131 157
132 157
133 157
134 157
135 157
136 157
137 157
138 157
139 157
140 157
141 157
117 158
118 158
119 158
120 158
121 158
122 158
123 158
124 158
125 158
126 158
127 158
128 158
129 158
130 158
131 158
132 158
133 158
134 158
135 158
136 158
137 158
138 158
122 159
123 159
124 159
125 159
126 159
127 159
128 159
129 159
130 159
131 159
132 159
133 159
134 159
