106 31
107 31
148 31
149 31
144 34
116 35
120 36
136 36
123 39
132 39
122 41
124 41
121 43
133 43
110 44
145 44
134 45
119 46
135 47
113 48
118 48
131 48
142 48
117 50
137 50
115 51
130 51
140 51
125 52
127 53
139 53
127 55
128 67
26 101
27 101
28 101
29 101
226 101
227 101
228 101
229 101
26 103
27 103
228 103
229 103
25 104
29 104
30 104
225 104
226 104
27 105
28 105
228 105
229 105
25 106
27 106
28 106
30 106
31 106
225 106
226 106
227 106
228 106
230 106
25 107
27 107
28 107
30 107
31 107
34 107
223 107
224 107
225 107
227 107
228 107
230 107
27 108
28 108
31 108
33 108
34 108
35 108
220 108
221 108
222 108
224 108
227 108
228 108
29 109
30 109
225 109
226 109
227 109
27 110
29 110
32 110
33 110
222 110
223 110
226 110
228 110
29 111
30 111
33 111
35 111
36 111
37 111
38 111
217 111
218 111
219 111
220 111
222 111
225 111
226 111
30 112
31 112
32 112
33 112
222 112
223 112
224 112
225 112
29 113
30 113
33 113
41 113
213 113
222 113
225 113
226 113
30 114
31 114
32 114
33 114
35 114
38 114
216 114
218 114
219 114
220 114
222 114
223 114
224 114
30 115
33 115
36 115
218 115
224 115
225 115
226 115
30 116
33 116
34 116
36 116
218 116
220 116
222 116
223 116
225 116
30 117
32 117
33 117
36 117
38 117
44 117
216 117
220 117
224 117
225 117
226 117
30 118
32 118
33 118
39 118
215 118
217 118
218 118
223 118
224 118
30 119
32 119
36 119
37 119
38 119
42 119
44 119
212 119
218 119
219 119
220 119
222 119
225 119
30 120
32 120
33 120
39 120
40 120
43 120
215 120
217 120
222 120
223 120
224 120
30 121
31 121
35 121
36 121
37 121
219 121
220 121
221 121
225 121
30 122
31 122
34 122
35 122
38 122
39 122
40 122
44 122
210 122
213 122
214 122
216 122
217 122
218 122
219 122
222 122
223 122
224 122
31 123
32 123
33 123
34 123
36 123
37 123
43 123
215 123
219 123
220 123
221 123
222 123
224 123
30 124
31 124
33 124
34 124
36 124
39 124
214 124
215 124
218 124
219 124
222 124
224 124
31 125
37 125
39 125
40 125
46 125
204 125
219 125
220 125
221 125
224 125
0 126
31 126
34 126
35 126
37 126
54 126
202 126
211 126
215 126
217 126
221 126
224 126
255 126
0 127
1 127
2 127
3 127
4 127
5 127
6 127
7 127
8 127
9 127
10 127
11 127
12 127
13 127
15 127
17 127
19 127
21 127
23 127
25 127
26 127
28 127
30 127
32 127
33 127
35 127
37 127
38 127
48 127
52 127
62 127
66 127
69 127
190 127
193 127
194 127
198 127
203 127
208 127
209 127
215 127
217 127
218 127
220 127
222 127
223 127
225 127
227 127
229 127
230 127
232 127
234 127
236 127
238 127
240 127
242 127
243 127
244 127
245 127
246 127
247 127
248 127
249 127
250 127
251 127
252 127
253 127
254 127
255 127
0 128
1 128
2 128
3 128
4 128
5 128
6 128
7 128
8 128
9 128
10 128
11 128
12 128
13 128
15 128
17 128
19 128
21 128
23 128
25 128
26 128
28 128
30 128
32 128
33 128
35 128
37 128
38 128
48 128
52 128
55 128
56 128
59 128
62 128
68 128
69 128
188 128
192 128
198 128
199 128
202 128
203 128
208 128
209 128
215 128
217 128
218 128
220 128
222 128
223 128
225 128
227 128
229 128
230 128
232 128
234 128
236 128
238 128
240 128
242 128
243 128
244 128
245 128
246 128
247 128
248 128
249 128
250 128
251 128
252 128
253 128
254 128
255 128
0 129
31 129
34 129
35 129
37 129
54 129
56 129
198 129
202 129
211 129
215 129
217 129
221 129
224 129
255 129
31 130
37 130
39 130
40 130
219 130
220 130
221 130
224 130
30 131
31 131
33 131
34 131
36 131
39 131
47 131
203 131
214 131
215 131
218 131
219 131
222 131
224 131
31 132
32 132
33 132
34 132
36 132
37 132
43 132
215 132
219 132
220 132
221 132
222 132
224 132
30 133
31 133
34 133
35 133
38 133
39 133
40 133
44 133
210 133
213 133
214 133
216 133
217 133
218 133
219 133
222 133
223 133
224 133
31 134
35 134
36 134
37 134
219 134
220 134
221 134
225 134
30 135
32 135
33 135
39 135
40 135
43 135
215 135
217 135
222 135
223 135
224 135
30 136
32 136
36 136
37 136
38 136
42 136
44 136
212 136
218 136
219 136
220 136
222 136
225 136
30 137
32 137
33 137
39 137
215 137
217 137
218 137
223 137
224 137
30 138
32 138
33 138
36 138
38 138
44 138
216 138
220 138
224 138
225 138
226 138
30 139
33 139
34 139
36 139
218 139
220 139
222 139
223 139
225 139
30 140
33 140
36 140
218 140
224 140
225 140
226 140
30 141
31 141
32 141
33 141
35 141
38 141
216 141
218 141
219 141
220 141
222 141
223 141
224 141
29 142
30 142
33 142
222 142
225 142
226 142
30 143
31 143
32 143
33 143
222 143
223 143
224 143
225 143
29 144
30 144
33 144
35 144
36 144
37 144
218 144
219 144
220 144
222 144
225 144
226 144
27 145
29 145
32 145
33 145
38 145
39 145
216 145
217 145
222 145
223 145
226 145
228 145
28 146
29 146
30 146
35 146
36 146
219 146
220 146
225 146
226 146
27 147
28 147
31 147
32 147
33 147
34 147
35 147
220 147
221 147
222 147
223 147
224 147
227 147
228 147
27 148
28 148
30 148
31 148
32 148
221 148
224 148
225 148
227 148
228 148
25 149
27 149
28 149
29 149
30 149
224 149
225 149
227 149
228 149
230 149
26 150
27 150
227 150
228 150
29 151
30 151
225 151
226 151
230 151
26 152
27 152
228 152
229 152
26 154
27 154
28 154
29 154
226 154
227 154
228 154
229 154
131 193
127 198
126 200
130 200
127 202
139 202
125 203
115 204
140 204
117 205
137 205
113 207
118 207
131 207
142 207
135 208
119 209
134 210
110 211
145 211
121 212
133 212
122 214
124 214
123 216
132 216
120 219
136 219
116 220
111 221
106 224
107 224
149 224
127 228
