106 101
107 101
108 101
109 101
146 101
147 101
148 101
149 101
106 103
107 103
148 103
149 103
105 104
109 104
110 104
145 104
146 104
107 105
108 105
148 105
149 105
105 106
107 106
108 106
110 106
111 106
145 106
146 106
147 106
148 106
150 106
105 107
107 107
108 107
110 107
111 107
114 107
143 107
144 107
145 107
147 107
148 107
150 107
107 108
108 108
111 108
113 108
114 108
115 108
140 108
141 108
142 108
144 108
147 108
148 108
109 109
110 109
145 109
146 109
147 109
107 110
109 110
112 110
113 110
142 110
143 110
146 110
148 110
106 111
107 111
109 111
110 111
113 111
115 111
116 111
117 111
118 111
137 111
138 111
139 111
140 111
142 111
145 111
146 111
148 111
149 111
110 112
111 112
112 112
113 112
142 112
143 112
144 112
145 112
109 113
110 113
113 113
121 113
133 113
142 113
145 113
146 113
110 114
111 114
112 114
113 114
115 114
118 114
136 114
138 114
139 114
140 114
142 114
143 114
144 114
110 115
113 115
116 115
138 115
144 115
145 115
146 115
110 116
113 116
114 116
116 116
120 116
136 116
138 116
140 116
142 116
143 116
145 116
110 117
112 117
113 117
116 117
118 117
124 117
136 117
140 117
144 117
145 117
146 117
110 118
112 118
113 118
119 118
135 118
137 118
138 118
143 118
144 118
110 119
112 119
116 119
117 119
118 119
122 119
123 119
124 119
132 119
138 119
139 119
140 119
142 119
145 119
110 120
112 120
113 120
119 120
120 120
123 120
127 120
128 120
135 120
137 120
142 120
143 120
144 120
110 121
111 121
115 121
116 121
117 121
122 121
124 121
126 121
129 121
139 121
140 121
141 121
145 121
110 122
111 122
114 122
115 122
118 122
119 122
120 122
124 122
126 122
127 122
129 122
130 122
133 122
134 122
136 122
137 122
138 122
139 122
142 122
143 122
144 122
111 123
112 123
113 123
114 123
116 123
117 123
121 123
123 123
125 123
133 123
135 123
139 123
140 123
141 123
142 123
144 123
110 124
111 124
113 124
114 124
116 124
119 124
125 124
134 124
135 124
138 124
139 124
142 124
144 124
145 124
111 125
117 125
119 125
120 125
134 125
139 125
140 125
141 125
144 125
111 126
114 126
115 126
117 126
119 126
125 126
131 126
135 126
137 126
139 126
140 126
141 126
144 126
78 127
79 127
80 127
81 127
82 127
83 127
84 127
85 127
86 127
87 127
88 127
89 127
90 127
91 127
92 127
93 127
95 127
97 127
99 127
101 127
103 127
105 127
106 127
108 127
110 127
112 127
113 127
114 127
115 127
116 127
117 127
118 127
119 127
121 127
122 127
124 127
126 127
127 127
129 127
130 127
131 127
132 127
133 127
134 127
135 127
136 127
137 127
138 127
139 127
140 127
141 127
142 127
143 127
145 127
147 127
149 127
150 127
152 127
154 127
156 127
158 127
160 127
162 127
163 127
164 127
165 127
166 127
167 127
168 127
169 127
170 127
171 127
172 127
173 127
174 127
175 127
176 127
177 127
78 128
79 128
80 128
81 128
82 128
83 128
84 128
85 128
86 128
87 128
88 128
89 128
90 128
91 128
92 128
93 128
95 128
97 128
99 128
101 128
103 128
105 128
106 128
108 128
110 128
112 128
113 128
114 128
115 128
116 128
117 128
118 128
119 128
121 128
122 128
124 128
126 128
127 128
129 128
130 128
131 128
132 128
133 128
134 128
135 128
136 128
137 128
138 128
139 128
140 128
141 128
142 128
143 128
145 128
147 128
149 128
150 128
152 128
154 128
156 128
158 128
160 128
162 128
163 128
164 128
165 128
166 128
167 128
168 128
169 128
170 128
171 128
172 128
173 128
174 128
175 128
176 128
177 128
111 129
114 129
115 129
117 129
119 129
125 129
131 129
135 129
137 129
139 129
140 129
141 129
144 129
111 130
117 130
119 130
120 130
134 130
139 130
140 130
141 130
144 130
110 131
111 131
113 131
114 131
116 131
119 131
130 131
134 131
135 131
138 131
139 131
142 131
144 131
145 131
111 132
112 132
113 132
114 132
116 132
117 132
121 132
123 132
125 132
133 132
135 132
139 132
140 132
141 132
142 132
144 132
110 133
111 133
114 133
115 133
118 133
119 133
120 133
124 133
125 133
127 133
130 133
133 133
134 133
136 133
137 133
138 133
139 133
142 133
143 133
144 133
111 134
115 134
116 134
117 134
122 134
124 134
126 134
129 134
139 134
140 134
141 134
145 134
110 135
112 135
113 135
119 135
120 135
123 135
126 135
127 135
128 135
129 135
135 135
137 135
142 135
143 135
144 135
110 136
112 136
116 136
117 136
118 136
122 136
123 136
124 136
132 136
138 136
139 136
140 136
142 136
145 136
110 137
112 137
113 137
119 137
135 137
137 137
138 137
143 137
144 137
110 138
112 138
113 138
116 138
118 138
124 138
136 138
140 138
144 138
145 138
146 138
110 139
113 139
114 139
116 139
120 139
136 139
138 139
140 139
142 139
143 139
145 139
110 140
113 140
116 140
138 140
144 140
145 140
146 140
110 141
111 141
112 141
113 141
115 141
118 141
136 141
138 141
139 141
140 141
142 141
143 141
144 141
109 142
110 142
113 142
142 142
145 142
146 142
110 143
111 143
112 143
113 143
142 143
143 143
144 143
145 143
106 144
107 144
109 144
110 144
113 144
115 144
116 144
117 144
138 144
139 144
140 144
142 144
145 144
146 144
149 144
107 145
109 145
112 145
113 145
118 145
119 145
136 145
137 145
142 145
143 145
146 145
148 145
108 146
109 146
110 146
115 146
116 146
139 146
140 146
145 146
146 146
107 147
108 147
111 147
112 147
113 147
114 147
115 147
140 147
141 147
142 147
143 147
144 147
147 147
148 147
107 148
108 148
110 148
111 148
112 148
127 148
141 148
144 148
145 148
147 148
148 148
105 149
107 149
108 149
109 149
110 149
144 149
145 149
147 149
148 149
150 149
106 150
107 150
147 150
148 150
109 151
110 151
145 151
146 151
150 151
106 152
107 152
148 152
149 152
106 154
107 154
108 154
109 154
146 154
147 154
148 154
149 154
