90 0
91 0
100 0
105 0
107 0
111 0
116 0
117 0
119 0
133 0
137 0
144 0
115 1
130 1
140 1
125 2
127 3
139 3
127 5
128 17
0 102
255 102
15 104
18 104
22 104
255 104
0 105
17 106
20 106
22 106
233 106
235 106
238 106
255 106
13 107
17 107
20 107
235 107
238 107
240 107
0 108
16 108
239 108
253 108
255 108
236 109
0 110
20 110
235 110
255 110
9 111
12 111
14 111
241 111
243 111
246 111
0 113
8 113
16 113
241 113
250 113
9 114
12 114
241 114
245 114
255 114
13 115
237 115
243 115
11 116
13 116
15 116
16 116
240 116
241 116
243 116
245 116
5 117
11 117
15 117
17 117
237 117
241 117
245 117
10 118
12 118
15 118
246 118
3 119
5 119
9 119
12 119
13 119
14 119
17 119
242 119
245 119
251 119
255 119
4 120
7 120
246 120
12 121
238 121
242 121
5 122
9 122
243 122
247 122
0 123
6 123
243 123
248 123
0 124
8 124
11 124
241 124
242 124
245 124
255 124
0 125
5 125
8 125
14 125
254 125
255 125
8 126
10 126
14 126
243 126
244 126
247 126
248 126
249 126
250 126
254 126
4 127
5 127
8 127
11 127
16 127
18 127
19 127
20 127
233 127
237 127
239 127
240 127
244 127
247 127
252 127
253 127
254 127
1 128
4 128
5 128
7 128
8 128
9 128
12 128
14 128
16 128
19 128
233 128
237 128
238 128
241 128
242 128
243 128
247 128
248 128
250 128
252 128
253 128
254 128
8 129
10 129
14 129
19 129
243 129
246 129
248 129
249 129
250 129
254 129
5 130
10 130
16 130
255 130
0 131
8 131
9 131
242 131
243 131
247 131
249 131
255 131
0 132
6 132
243 132
248 132
5 133
9 133
243 133
247 133
12 134
14 134
238 134
242 134
10 135
246 135
3 136
5 136
7 136
9 136
12 136
13 136
14 136
17 136
242 136
245 136
251 136
255 136
12 137
15 137
246 137
5 138
11 138
15 138
17 138
237 138
241 138
245 138
11 139
13 139
15 139
16 139
240 139
241 139
243 139
245 139
13 140
237 140
243 140
9 141
12 141
241 141
245 141
255 141
0 142
16 142
239 142
14 144
241 144
18 145
237 145
17 146
0 147
14 147
241 147
253 147
255 147
0 148
17 148
240 148
0 149
17 149
20 149
22 149
233 149
235 149
238 149
0 151
233 151
237 151
240 151
0 153
255 153
131 243
127 248
126 250
130 250
127 252
139 252
125 253
115 254
140 254
117 255
122 255
137 255
150 255
